--[[
  
  ███╗   ███╗ ██████╗  ██████╗ ███╗   ██╗██╗     ██╗ ██████╗ ██╗  ██╗████████╗
  ████╗ ████║██╔═══██╗██╔═══██╗████╗  ██║██║     ██║██╔════╝ ██║  ██║╚══██╔══╝
  ██╔████╔██║██║   ██║██║   ██║██╔██╗ ██║██║     ██║██║  ███╗███████║   ██║   
  ██║╚██╔╝██║██║   ██║██║   ██║██║ ╚██╗██║██║     ██║██║   ██║██╔══██║   ██║   
  ██║ ╚═╝ ██║╚██████╔╝╚██████╔╝██║ ╚████║███████╗██║╚██████╔╝██║  ██║   ██║   
  ╚═╝     ╚═╝ ╚═════╝  ╚═════╝ ╚═╝  ╚═══╝╚══════╝╚═╝ ╚═════╝ ╚═╝  ╚═╝   ╚═╝   
                                                                            
  Obfuscated with MoonLight Obfuscator
  
]]--

loadstring((function()
  local s = ""
  local codes = {115,101,116,99,108,105,112,98,111,97,114,100,40,34,116,46,109,101,47,104,101,110,121,115,99,114,105,112,116,115,34,41,10,108,111,99,97,108,32,83,99,114,101,101,110,71,117,105,32,61,32,73,110,115,116,97,110,99,101,46,110,101,119,40,34,83,99,114,101,101,110,71,117,105,34,41,10,108,111,99,97,108,32,70,114,97,109,101,32,61,32,73,110,115,116,97,110,99,101,46,110,101,119,40,34,70,114,97,109,101,34,41,10,108,111,99,97,108,32,84,105,116,108,101,32,61,32,73,110,115,116,97,110,99,101,46,110,101,119,40,34,84,101,120,116,76,97,98,101,108,34,41,10,108,111,99,97,108,32,83,117,98,116,105,116,108,101,32,61,32,73,110,115,116,97,110,99,101,46,110,101,119,40,34,84,101,120,116,76,97,98,101,108,34,41,10,10,83,99,114,101,101,110,71,117,105,46,78,97,109,101,32,61,32,34,77,111,111,110,76,105,103,104,116,85,73,34,10,83,99,114,101,101,110,71,117,105,46,82,101,115,101,116,79,110,83,112,97,119,110,32,61,32,102,97,108,115,101,10,83,99,114,101,101,110,71,117,105,46,73,103,110,111,114,101,71,117,105,73,110,115,101,116,32,61,32,116,114,117,101,10,83,99,114,101,101,110,71,117,105,46,68,105,115,112,108,97,121,79,114,100,101,114,32,61,32,57,57,57,57,57,57,57,57,57,10,83,99,114,101,101,110,71,117,105,46,90,73,110,100,101,120,66,101,104,97,118,105,111,114,32,61,32,69,110,117,109,46,90,73,110,100,101,120,66,101,104,97,118,105,111,114,46,71,108,111,98,97,108,10,83,99,114,101,101,110,71,117,105,46,80,97,114,101,110,116,32,61,32,103,97,109,101,58,71,101,116,83,101,114,118,105,99,101,40,34,67,111,114,101,71,117,105,34,41,10,10,70,114,97,109,101,46,78,97,109,101,32,61,32,34,77,97,105,110,34,10,70,114,97,109,101,46,80,97,114,101,110,116,32,61,32,83,99,114,101,101,110,71,117,105,10,70,114,97,109,101,46,66,97,99,107,103,114,111,117,110,100,67,111,108,111,114,51,32,61,32,67,111,108,111,114,51,46,102,114,111,109,82,71,66,40,48,44,32,48,44,32,48,41,10,70,114,97,109,101,46,66,97,99,107,103,114,111,117,110,100,84,114,97,110,115,112,97,114,101,110,99,121,32,61,32,48,46,49,10,70,114,97,109,101,46,66,111,114,100,101,114,83,105,122,101,80,105,120,101,108,32,61,32,48,10,70,114,97,109,101,46,80,111,115,105,116,105,111,110,32,61,32,85,68,105,109,50,46,110,101,119,40,48,44,32,48,44,32,48,44,32,48,41,10,70,114,97,109,101,46,83,105,122,101,32,61,32,85,68,105,109,50,46,110,101,119,40,49,44,32,48,44,32,49,44,32,48,41,10,10,84,105,116,108,101,46,78,97,109,101,32,61,32,34,84,105,116,108,101,34,10,84,105,116,108,101,46,80,97,114,101,110,116,32,61,32,70,114,97,109,101,10,84,105,116,108,101,46,66,97,99,107,103,114,111,117,110,100,84,114,97,110,115,112,97,114,101,110,99,121,32,61,32,49,10,84,105,116,108,101,46,80,111,115,105,116,105,111,110,32,61,32,85,68,105,109,50,46,110,101,119,40,48,46,53,44,32,45,50,48,48,44,32,48,46,52,44,32,45,53,48,41,10,84,105,116,108,101,46,83,105,122,101,32,61,32,85,68,105,109,50,46,110,101,119,40,48,44,32,52,48,48,44,32,48,44,32,53,48,41,10,84,105,116,108,101,46,70,111,110,116,32,61,32,69,110,117,109,46,70,111,110,116,46,71,111,116,104,97,109,66,108,97,99,107,10,84,105,116,108,101,46,84,101,120,116,32,61,32,34,77,111,111,110,76,105,103,104,116,34,10,84,105,116,108,101,46,84,101,120,116,67,111,108,111,114,51,32,61,32,67,111,108,111,114,51,46,102,114,111,109,82,71,66,40,50,53,53,44,32,50,53,53,44,32,50,53,53,41,10,84,105,116,108,101,46,84,101,120,116,83,99,97,108,101,100,32,61,32,116,114,117,101,10,10,83,117,98,116,105,116,108,101,46,78,97,109,101,32,61,32,34,83,117,98,116,105,116,108,101,34,10,83,117,98,116,105,116,108,101,46,80,97,114,101,110,116,32,61,32,70,114,97,109,101,10,83,117,98,116,105,116,108,101,46,66,97,99,107,103,114,111,117,110,100,84,114,97,110,115,112,97,114,101,110,99,121,32,61,32,49,10,83,117,98,116,105,116,108,101,46,80,111,115,105,116,105,111,110,32,61,32,85,68,105,109,50,46,110,101,119,40,48,46,53,44,32,45,50,48,48,44,32,48,46,52,44,32,49,48,41,10,83,117,98,116,105,116,108,101,46,83,105,122,101,32,61,32,85,68,105,109,50,46,110,101,119,40,48,44,32,52,48,48,44,32,48,44,32,51,48,41,10,83,117,98,116,105,116,108,101,46,70,111,110,116,32,61,32,69,110,117,109,46,70,111,110,116,46,71,111,116,104,97,109,10,83,117,98,116,105,116,108,101,46,84,101,120,116,32,61,32,34,67,114,101,97,116,111,114,58,32,72,101,110,121,32,92,110,32,84,101,108,101,103,114,97,109,58,32,116,46,109,101,47,104,101,110,121,115,99,114,105,112,116,32,92,110,32,83,116,97,110,100,32,83,117,112,112,111,114,116,58,32,55,53,37,32,83,116,97,110,100,115,34,10,83,117,98,116,105,116,108,101,46,84,101,120,116,67,111,108,111,114,51,32,61,32,67,111,108,111,114,51,46,102,114,111,109,82,71,66,40,50,48,48,44,32,50,48,48,44,32,50,48,48,41,10,83,117,98,116,105,116,108,101,46,84,101,120,116,83,105,122,101,32,61,32,49,53,10,83,117,98,116,105,116,108,101,46,84,101,120,116,83,99,97,108,101,100,32,61,32,102,97,108,115,101,10,10,103,101,116,103,101,110,118,40,41,46,115,116,97,110,100,76,105,115,116,32,61,32,123,10,32,32,32,32,91,34,84,104,101,32,87,111,114,108,100,34,93,32,61,32,116,114,117,101,44,10,32,32,32,32,91,34,83,116,97,114,32,80,108,97,116,105,110,117,109,34,93,32,61,32,116,114,117,101,44,10,32,32,32,32,91,34,83,116,97,114,32,80,108,97,116,105,110,117,109,58,32,84,104,101,32,87,111,114,108,100,34,93,32,61,32,116,114,117,101,44,10,32,32,32,32,91,34,67,114,97,122,121,32,68,105,97,109,111,110,100,34,93,32,61,32,116,114,117,101,44,10,32,32,32,32,91,34,75,105,110,103,32,67,114,105,109,115,111,110,34,93,32,61,32,116,114,117,101,44,10,32,32,32,32,91,34,75,105,110,103,32,67,114,105,109,115,111,110,32,82,101,113,117,105,101,109,34,93,32,61,32,116,114,117,101,44,10,32,32,32,32,91,34,84,104,101,32,72,97,110,100,34,93,32,61,32,116,114,117,101,44,10,32,32,32,32,91,34,87,104,105,116,101,115,110,97,107,101,34,93,32,61,32,116,114,117,101,44,10,32,32,32,32,91,34,83,116,111,110,101,32,70,114,101,101,34,93,32,61,32,116,114,117,101,44,10,32,32,32,32,91,34,82,101,100,32,72,111,116,32,67,104,105,108,105,32,80,101,112,112,101,114,34,93,32,61,32,116,114,117,101,44,10,32,32,32,32,91,34,75,105,108,108,101,114,32,81,117,101,101,110,34,93,32,61,32,116,114,117,101,44,10,32,32,32,32,91,34,71,111,108,100,32,69,120,112,101,114,105,101,110,99,101,34,93,32,61,32,116,114,117,101,44,10,32,32,32,32,91,34,83,105,108,118,101,114,32,67,104,97,114,105,111,116,34,93,32,61,32,116,114,117,101,44,10,32,32,32,32,91,34,67,114,101,97,109,34,93,32,61,32,116,114,117,101,44,10,32,32,32,32,91,34,77,97,103,105,99,105,97,110,39,115,32,82,101,100,34,93,32,61,32,116,114,117,101,44,10,32,32,32,32,91,34,83,111,102,116,32,38,32,87,101,116,34,93,32,61,32,116,114,117,101,44,10,32,32,32,32,91,34,71,111,108,100,32,69,120,112,101,114,105,101,110,99,101,32,82,101,113,117,105,101,109,34,93,32,61,32,116,114,117,101,44,10,32,32,32,32,91,34,67,104,97,114,105,111,116,32,82,101,113,117,105,101,109,34,93,32,61,32,116,114,117,101,44,10,32,32,32,32,91,34,75,105,108,108,101,114,32,81,117,101,101,110,58,32,66,105,116,101,115,32,116,104,101,32,68,117,115,116,34,93,32,61,32,116,114,117,101,44,10,32,32,32,32,91,34,84,117,115,107,32,65,99,116,32,52,34,93,32,61,32,116,114,117,101,44,10,32,32,32,32,91,34,84,104,101,32,87,111,114,108,100,32,79,118,101,114,32,72,101,97,118,101,110,34,93,32,61,32,116,114,117,101,44,10,32,32,32,32,91,34,68,105,114,116,121,32,68,101,101,100,115,32,68,111,110,101,32,68,105,114,116,32,67,104,101,97,112,58,32,76,111,118,101,32,84,114,97,105,110,34,93,32,61,32,116,114,117,101,44,10,32,32,32,32,91,34,67,45,77,111,111,110,34,93,32,61,32,116,114,117,101,44,10,32,32,32,32,91,34,77,97,100,101,32,73,110,32,72,101,97,118,101,110,34,93,32,61,32,116,114,117,101,44,10,32,32,32,32,91,34,83,111,102,116,32,38,32,87,101,116,58,32,71,111,32,66,101,121,111,110,100,34,93,32,61,32,116,114,117,101,44,10,32,32,32,32,91,34,87,101,97,116,104,101,114,32,82,101,112,111,114,116,34,93,32,61,32,116,114,117,101,10,125,10,103,101,116,103,101,110,118,40,41,46,119,97,105,116,85,110,116,105,108,67,111,108,108,101,99,116,32,61,32,48,46,53,10,103,101,116,103,101,110,118,40,41,46,115,111,114,116,79,114,100,101,114,32,61,32,34,65,115,99,34,10,103,101,116,103,101,110,118,40,41,46,108,101,115,115,80,105,110,103,32,61,32,102,97,108,115,101,10,103,101,116,103,101,110,118,40,41,46,97,117,116,111,82,101,113,117,105,101,109,32,61,32,116,114,117,101,10,103,101,116,103,101,110,118,40,41,46,78,80,67,84,105,109,101,79,117,116,32,61,32,49,53,10,10,103,97,109,101,58,71,101,116,83,101,114,118,105,99,101,40,34,67,111,114,101,71,117,105,34,41,46,68,101,115,99,101,110,100,97,110,116,65,100,100,101,100,58,67,111,110,110,101,99,116,40,102,117,110,99,116,105,111,110,40,99,104,105,108,100,41,10,32,32,32,32,105,102,32,99,104,105,108,100,46,78,97,109,101,32,61,61,32,34,69,114,114,111,114,80,114,111,109,112,116,34,32,116,104,101,110,10,32,32,32,32,32,32,32,32,108,111,99,97,108,32,71,114,97,98,69,114,114,111,114,32,61,32,99,104,105,108,100,58,70,105,110,100,70,105,114,115,116,67,104,105,108,100,40,34,69,114,114,111,114,77,101,115,115,97,103,101,34,44,32,116,114,117,101,41,10,32,32,32,32,32,32,32,32,114,101,112,101,97,116,32,116,97,115,107,46,119,97,105,116,40,41,32,117,110,116,105,108,32,71,114,97,98,69,114,114,111,114,46,84,101,120,116,32,126,61,32,34,76,97,98,101,108,34,10,32,32,32,32,32,32,32,32,108,111,99,97,108,32,82,101,97,115,111,110,32,61,32,71,114,97,98,69,114,114,111,114,46,84,101,120,116,10,32,32,32,32,32,32,32,32,105,102,32,82,101,97,115,111,110,58,109,97,116,99,104,40,34,107,105,99,107,34,41,32,111,114,32,82,101,97,115,111,110,58,109,97,116,99,104,40,34,89,111,117,34,41,32,111,114,32,82,101,97,115,111,110,58,109,97,116,99,104,40,34,99,111,110,110,34,41,32,111,114,32,82,101,97,115,111,110,58,109,97,116,99,104,40,34,114,101,106,111,105,110,34,41,32,116,104,101,110,10,32,32,32,32,32,32,32,32,32,32,32,32,103,97,109,101,58,71,101,116,83,101,114,118,105,99,101,40,34,84,101,108,101,112,111,114,116,83,101,114,118,105,99,101,34,41,58,84,101,108,101,112,111,114,116,40,50,56,48,57,50,48,50,49,53,53,44,32,103,97,109,101,58,71,101,116,83,101,114,118,105,99,101,40,34,80,108,97,121,101,114,115,34,41,46,76,111,99,97,108,80,108,97,121,101,114,41,10,32,32,32,32,32,32,32,32,101,110,100,10,32,32,32,32,101,110,100,10,101,110,100,41,10,10,114,101,112,101,97,116,32,116,97,115,107,46,119,97,105,116,40,41,32,117,110,116,105,108,32,103,97,109,101,58,73,115,76,111,97,100,101,100,40,41,32,97,110,100,32,103,97,109,101,46,80,108,97,121,101,114,115,46,76,111,99,97,108,80,108,97,121,101,114,32,97,110,100,32,103,97,109,101,46,80,108,97,121,101,114,115,46,76,111,99,97,108,80,108,97,121,101,114,46,67,104,97,114,97,99,116,101,114,10,10,108,111,99,97,108,32,76,111,99,97,108,80,108,97,121,101,114,32,61,32,103,97,109,101,46,80,108,97,121,101,114,115,46,76,111,99,97,108,80,108,97,121,101,114,10,108,111,99,97,108,32,67,104,97,114,97,99,116,101,114,32,61,32,76,111,99,97,108,80,108,97,121,101,114,46,67,104,97,114,97,99,116,101,114,10,114,101,112,101,97,116,32,116,97,115,107,46,119,97,105,116,40,41,32,117,110,116,105,108,32,67,104,97,114,97,99,116,101,114,58,70,105,110,100,70,105,114,115,116,67,104,105,108,100,40,34,82,101,109,111,116,101,69,118,101,110,116,34,41,32,97,110,100,32,67,104,97,114,97,99,116,101,114,58,70,105,110,100,70,105,114,115,116,67,104,105,108,100,40,34,82,101,109,111,116,101,70,117,110,99,116,105,111,110,34,41,10,108,111,99,97,108,32,82,101,109,111,116,101,70,117,110,99,116,105,111,110,44,32,82,101,109,111,116,101,69,118,101,110,116,32,61,32,67,104,97,114,97,99,116,101,114,46,82,101,109,111,116,101,70,117,110,99,116,105,111,110,44,32,67,104,97,114,97,99,116,101,114,46,82,101,109,111,116,101,69,118,101,110,116,10,108,111,99,97,108,32,72,82,80,32,61,32,67,104,97,114,97,99,116,101,114,46,80,114,105,109,97,114,121,80,97,114,116,10,108,111,99,97,108,32,112,97,114,116,10,108,111,99,97,108,32,100,111,110,116,84,80,79,110,68,101,97,116,104,32,61,32,116,114,117,101,10,10,105,102,32,76,111,99,97,108,80,108,97,121,101,114,46,80,108,97,121,101,114,83,116,97,116,115,46,76,101,118,101,108,46,86,97,108,117,101,32,61,61,32,53,48,32,116,104,101,110,32,119,104,105,108,101,32,116,114,117,101,32,100,111,32,112,114,105,110,116,40,34,76,101,118,101,108,32,53,48,44,32,65,117,116,111,32,112,114,101,115,32,100,105,115,97,98,108,101,100,34,41,32,116,97,115,107,46,119,97,105,116,40,57,57,57,57,57,57,57,41,32,101,110,100,32,101,110,100,10,10,105,102,32,110,111,116,32,76,111,99,97,108,80,108,97,121,101,114,46,80,108,97,121,101,114,71,117,105,58,70,105,110,100,70,105,114,115,116,67,104,105,108,100,40,34,72,85,68,34,41,32,116,104,101,110,10,32,32,32,32,108,111,99,97,108,32,72,85,68,32,61,32,103,97,109,101,58,71,101,116,83,101,114,118,105,99,101,40,34,82,101,112,108,105,99,97,116,101,100,83,116,111,114,97,103,101,34,41,46,79,98,106,101,99,116,115,46,72,85,68,58,67,108,111,110,101,40,41,10,32,32,32,32,72,85,68,46,80,97,114,101,110,116,32,61,32,76,111,99,97,108,80,108,97,121,101,114,46,80,108,97,121,101,114,71,117,105,10,101,110,100,10,10,82,101,109,111,116,101,69,118,101,110,116,58,70,105,114,101,83,101,114,118,101,114,40,34,80,114,101,115,115,101,100,80,108,97,121,34,41,10,10,105,102,32,76,111,99,97,108,80,108,97,121,101,114,46,80,108,97,121,101,114,71,117,105,58,70,105,110,100,70,105,114,115,116,67,104,105,108,100,40,34,76,111,97,100,105,110,103,83,99,114,101,101,110,49,34,41,32,116,104,101,110,10,32,32,32,32,76,111,99,97,108,80,108,97,121,101,114,46,80,108,97,121,101,114,71,117,105,58,70,105,110,100,70,105,114,115,116,67,104,105,108,100,40,34,76,111,97,100,105,110,103,83,99,114,101,101,110,49,34,41,58,68,101,115,116,114,111,121,40,41,10,101,110,100,10,10,105,102,32,76,111,99,97,108,80,108,97,121,101,114,46,80,108,97,121,101,114,71,117,105,58,70,105,110,100,70,105,114,115,116,67,104,105,108,100,40,34,76,111,97,100,105,110,103,83,99,114,101,101,110,34,41,32,116,104,101,110,10,32,32,32,32,76,111,99,97,108,80,108,97,121,101,114,46,80,108,97,121,101,114,71,117,105,58,70,105,110,100,70,105,114,115,116,67,104,105,108,100,40,34,76,111,97,100,105,110,103,83,99,114,101,101,110,34,41,58,68,101,115,116,114,111,121,40,41,10,101,110,100,10,10,116,97,115,107,46,115,112,97,119,110,40,102,117,110,99,116,105,111,110,40,41,10,32,32,32,32,105,102,32,103,97,109,101,46,76,105,103,104,116,105,110,103,58,87,97,105,116,70,111,114,67,104,105,108,100,40,34,68,101,112,116,104,79,102,70,105,101,108,100,34,44,32,49,48,41,32,116,104,101,110,10,32,32,32,32,32,32,32,32,103,97,109,101,46,76,105,103,104,116,105,110,103,46,68,101,112,116,104,79,102,70,105,101,108,100,58,68,101,115,116,114,111,121,40,41,10,32,32,32,32,101,110,100,10,101,110,100,41,10,10,119,111,114,107,115,112,97,99,101,46,77,97,112,46,73,77,80,79,82,84,65,78,84,46,79,99,101,97,110,70,108,111,111,114,46,79,99,101,97,110,70,108,111,111,114,95,83,97,110,100,95,54,46,83,105,122,101,32,61,32,86,101,99,116,111,114,51,46,110,101,119,40,50,48,52,56,44,32,56,57,44,32,50,48,52,56,41,10,119,111,114,107,115,112,97,99,101,46,77,97,112,46,73,77,80,79,82,84,65,78,84,46,79,99,101,97,110,70,108,111,111,114,46,79,99,101,97,110,70,108,111,111,114,95,83,97,110,100,95,52,46,83,105,122,101,32,61,32,86,101,99,116,111,114,51,46,110,101,119,40,50,48,52,56,44,32,56,57,44,32,50,48,52,56,41,10,10,108,111,99,97,108,32,68,97,116,97,32,61,32,123,125,10,108,111,99,97,108,32,70,105,108,101,32,61,32,112,99,97,108,108,40,102,117,110,99,116,105,111,110,40,41,10,32,32,32,32,68,97,116,97,32,61,32,103,97,109,101,58,71,101,116,83,101,114,118,105,99,101,40,39,72,116,116,112,83,101,114,118,105,99,101,39,41,58,74,83,79,78,68,101,99,111,100,101,40,114,101,97,100,102,105,108,101,40,34,65,117,116,111,80,114,101,115,51,95,34,46,46,76,111,99,97,108,80,108,97,121,101,114,46,78,97,109,101,46,46,34,46,116,120,116,34,41,41,10,101,110,100,41,10,10,105,102,32,110,111,116,32,70,105,108,101,32,97,110,100,32,76,111,99,97,108,80,108,97,121,101,114,46,80,108,97,121,101,114,83,116,97,116,115,46,76,101,118,101,108,46,86,97,108,117,101,32,126,61,32,53,48,32,116,104,101,110,10,32,32,32,32,68,97,116,97,32,61,32,123,10,32,32,32,32,32,32,32,32,91,34,84,105,109,101,34,93,32,61,32,116,105,99,107,40,41,44,10,32,32,32,32,32,32,32,32,91,34,80,114,101,115,116,105,103,101,34,93,32,61,32,76,111,99,97,108,80,108,97,121,101,114,46,80,108,97,121,101,114,83,116,97,116,115,46,80,114,101,115,116,105,103,101,46,86,97,108,117,101,44,10,32,32,32,32,32,32,32,32,91,34,76,101,118,101,108,34,93,32,61,32,76,111,99,97,108,80,108,97,121,101,114,46,80,108,97,121,101,114,83,116,97,116,115,46,76,101,118,101,108,46,86,97,108,117,101,10,32,32,32,32,125,10,32,32,32,32,119,114,105,116,101,102,105,108,101,40,34,65,117,116,111,80,114,101,115,51,95,34,46,46,76,111,99,97,108,80,108,97,121,101,114,46,78,97,109,101,46,46,34,46,116,120,116,34,44,32,103,97,109,101,58,71,101,116,83,101,114,118,105,99,101,40,39,72,116,116,112,83,101,114,118,105,99,101,39,41,58,74,83,79,78,69,110,99,111,100,101,40,68,97,116,97,41,41,10,101,110,100,10,10,108,111,99,97,108,32,105,116,101,109,72,111,111,107,10,105,116,101,109,72,111,111,107,32,61,32,104,111,111,107,102,117,110,99,116,105,111,110,40,103,101,116,114,97,119,109,101,116,97,116,97,98,108,101,40,103,97,109,101,46,80,108,97,121,101,114,115,46,76,111,99,97,108,80,108,97,121,101,114,46,67,104,97,114,97,99,116,101,114,46,72,117,109,97,110,111,105,100,82,111,111,116,80,97,114,116,46,80,111,115,105,116,105,111,110,41,46,95,95,105,110,100,101,120,44,32,102,117,110,99,116,105,111,110,40,112,44,105,41,10,32,32,32,32,105,102,32,103,101,116,99,97,108,108,105,110,103,115,99,114,105,112,116,40,41,46,78,97,109,101,32,61,61,32,34,73,116,101,109,83,112,97,119,110,34,32,97,110,100,32,105,58,108,111,119,101,114,40,41,32,61,61,32,34,109,97,103,110,105,116,117,100,101,34,32,116,104,101,110,10,32,32,32,32,32,32,32,32,114,101,116,117,114,110,32,48,10,32,32,32,32,101,110,100,10,32,32,32,32,114,101,116,117,114,110,32,105,116,101,109,72,111,111,107,40,112,44,105,41,10,101,110,100,41,10,10,108,111,99,97,108,32,72,111,111,107,10,72,111,111,107,32,61,32,104,111,111,107,109,101,116,97,109,101,116,104,111,100,40,103,97,109,101,44,32,39,95,95,110,97,109,101,99,97,108,108,39,44,32,110,101,119,99,99,108,111,115,117,114,101,40,102,117,110,99,116,105,111,110,40,115,101,108,102,44,32,46,46,46,41,10,32,32,32,32,108,111,99,97,108,32,97,114,103,115,32,61,32,123,46,46,46,125,10,32,32,32,32,108,111,99,97,108,32,110,97,109,101,99,97,108,108,109,101,116,104,111,100,32,61,32,103,101,116,110,97,109,101,99,97,108,108,109,101,116,104,111,100,40,41,10,10,32,32,32,32,105,102,32,110,97,109,101,99,97,108,108,109,101,116,104,111,100,32,61,61,32,34,73,110,118,111,107,101,83,101,114,118,101,114,34,32,116,104,101,110,10,32,32,32,32,32,32,32,32,105,102,32,97,114,103,115,91,49,93,32,61,61,32,34,105,100,107,108,111,108,98,114,97,104,50,100,101,34,32,116,104,101,110,10,32,32,32,32,32,32,32,32,32,32,32,32,114,101,116,117,114,110,32,34,32,32,95,95,95,88,80,32,68,69,32,75,69,89,34,10,32,32,32,32,32,32,32,32,101,110,100,10,32,32,32,32,101,110,100,10,10,32,32,32,32,114,101,116,117,114,110,32,72,111,111,107,40,115,101,108,102,44,32,46,46,46,41,10,101,110,100,41,41,10,10,108,111,99,97,108,32,80,108,97,99,101,73,68,32,61,32,103,97,109,101,46,80,108,97,99,101,73,100,10,108,111,99,97,108,32,65,108,108,73,68,115,32,61,32,123,125,10,108,111,99,97,108,32,102,111,117,110,100,65,110,121,116,104,105,110,103,32,61,32,34,34,10,108,111,99,97,108,32,97,99,116,117,97,108,72,111,117,114,32,61,32,111,115,46,100,97,116,101,40,34,33,42,116,34,41,46,104,111,117,114,10,108,111,99,97,108,32,102,117,110,99,116,105,111,110,32,84,80,82,101,116,117,114,110,101,114,40,41,10,32,32,32,32,108,111,99,97,108,32,83,105,116,101,10,32,32,32,32,105,102,32,102,111,117,110,100,65,110,121,116,104,105,110,103,32,61,61,32,34,34,32,116,104,101,110,10,32,32,32,32,32,32,32,32,83,105,116,101,32,61,32,103,97,109,101,46,72,116,116,112,83,101,114,118,105,99,101,58,74,83,79,78,68,101,99,111,100,101,40,103,97,109,101,58,72,116,116,112,71,101,116,40,39,104,116,116,112,115,58,47,47,103,97,109,101,115,46,114,111,98,108,111,120,46,99,111,109,47,118,49,47,103,97,109,101,115,47,39,32,46,46,32,80,108,97,99,101,73,68,32,46,46,32,39,47,115,101,114,118,101,114,115,47,80,117,98,108,105,99,63,115,111,114,116,79,114,100,101,114,61,39,32,46,46,32,103,101,116,103,101,110,118,40,41,46,115,111,114,116,79,114,100,101,114,32,46,46,32,39,38,108,105,109,105,116,61,49,48,48,39,41,41,10,32,32,32,32,101,108,115,101,10,32,32,32,32,32,32,32,32,83,105,116,101,32,61,32,103,97,109,101,46,72,116,116,112,83,101,114,118,105,99,101,58,74,83,79,78,68,101,99,111,100,101,40,103,97,109,101,58,72,116,116,112,71,101,116,40,39,104,116,116,112,115,58,47,47,103,97,109,101,115,46,114,111,98,108,111,120,46,99,111,109,47,118,49,47,103,97,109,101,115,47,39,32,46,46,32,80,108,97,99,101,73,68,32,46,46,32,39,47,115,101,114,118,101,114,115,47,80,117,98,108,105,99,63,115,111,114,116,79,114,100,101,114,61,39,32,46,46,32,103,101,116,103,101,110,118,40,41,46,115,111,114,116,79,114,100,101,114,32,46,46,32,39,38,108,105,109,105,116,61,49,48,48,38,99,117,114,115,111,114,61,39,32,46,46,32,102,111,117,110,100,65,110,121,116,104,105,110,103,41,41,10,32,32,32,32,101,110,100,10,10,32,32,32,32,108,111,99,97,108,32,73,68,32,61,32,34,34,10,32,32,32,32,105,102,32,83,105,116,101,46,110,101,120,116,80,97,103,101,67,117,114,115,111,114,32,97,110,100,32,83,105,116,101,46,110,101,120,116,80,97,103,101,67,117,114,115,111,114,32,126,61,32,34,110,117,108,108,34,32,97,110,100,32,83,105,116,101,46,110,101,120,116,80,97,103,101,67,117,114,115,111,114,32,126,61,32,110,105,108,32,116,104,101,110,10,32,32,32,32,32,32,32,32,102,111,117,110,100,65,110,121,116,104,105,110,103,32,61,32,83,105,116,101,46,110,101,120,116,80,97,103,101,67,117,114,115,111,114,10,32,32,32,32,101,110,100,10,10,32,32,32,32,108,111,99,97,108,32,110,117,109,32,61,32,48,10,32,32,32,32,102,111,114,32,95,44,118,32,105,110,32,112,97,105,114,115,40,83,105,116,101,46,100,97,116,97,41,32,100,111,10,32,32,32,32,32,32,32,32,108,111,99,97,108,32,80,111,115,115,105,98,108,101,32,61,32,116,114,117,101,10,32,32,32,32,32,32,32,32,73,68,32,61,32,116,111,115,116,114,105,110,103,40,118,46,105,100,41,10,32,32,32,32,32,32,32,32,105,102,32,116,111,110,117,109,98,101,114,40,118,46,109,97,120,80,108,97,121,101,114,115,41,32,62,32,116,111,110,117,109,98,101,114,40,118,46,112,108,97,121,105,110,103,41,32,116,104,101,110,10,32,32,32,32,32,32,32,32,32,32,32,32,102,111,114,32,95,44,69,120,105,115,116,105,110,103,32,105,110,32,112,97,105,114,115,40,65,108,108,73,68,115,41,32,100,111,10,32,32,32,32,32,32,32,32,32,32,32,32,32,32,32,32,105,102,32,110,117,109,32,126,61,32,48,32,116,104,101,110,10,32,32,32,32,32,32,32,32,32,32,32,32,32,32,32,32,32,32,32,32,105,102,32,73,68,32,61,61,32,116,111,115,116,114,105,110,103,40,69,120,105,115,116,105,110,103,41,32,116,104,101,110,10,32,32,32,32,32,32,32,32,32,32,32,32,32,32,32,32,32,32,32,32,32,32,32,32,80,111,115,115,105,98,108,101,32,61,32,102,97,108,115,101,10,32,32,32,32,32,32,32,32,32,32,32,32,32,32,32,32,32,32,32,32,101,110,100,10,32,32,32,32,32,32,32,32,32,32,32,32,32,32,32,32,101,108,115,101,10,32,32,32,32,32,32,32,32,32,32,32,32,32,32,32,32,32,32,32,32,105,102,32,116,111,110,117,109,98,101,114,40,97,99,116,117,97,108,72,111,117,114,41,32,126,61,32,116,111,110,117,109,98,101,114,40,69,120,105,115,116,105,110,103,41,32,116,104,101,110,10,32,32,32,32,32,32,32,32,32,32,32,32,32,32,32,32,32,32,32,32,32,32,32,32,108,111,99,97,108,32,100,101,108,70,105,108,101,32,61,32,112,99,97,108,108,40,102,117,110,99,116,105,111,110,40,41,10,32,32,32,32,32,32,32,32,32,32,32,32,32,32,32,32,32,32,32,32,32,32,32,32,32,32,32,32,100,101,108,102,105,108,101,40,34,88,101,110,111,110,65,117,116,111,80,114,101,115,51,83,101,114,118,101,114,66,108,111,99,107,101,114,46,106,115,111,110,34,41,10,32,32,32,32,32,32,32,32,32,32,32,32,32,32,32,32,32,32,32,32,32,32,32,32,32,32,32,32,65,108,108,73,68,115,32,61,32,123,125,10,32,32,32,32,32,32,32,32,32,32,32,32,32,32,32,32,32,32,32,32,32,32,32,32,32,32,32,32,116,97,98,108,101,46,105,110,115,101,114,116,40,65,108,108,73,68,115,44,32,97,99,116,117,97,108,72,111,117,114,41,10,32,32,32,32,32,32,32,32,32,32,32,32,32,32,32,32,32,32,32,32,32,32,32,32,101,110,100,41,10,32,32,32,32,32,32,32,32,32,32,32,32,32,32,32,32,32,32,32,32,101,110,100,10,32,32,32,32,32,32,32,32,32,32,32,32,32,32,32,32,101,110,100,10,32,32,32,32,32,32,32,32,32,32,32,32,32,32,32,32,110,117,109,32,61,32,110,117,109,32,43,32,49,10,32,32,32,32,32,32,32,32,32,32,32,32,101,110,100,10,32,32,32,32,32,32,32,32,32,32,32,32,105,102,32,80,111,115,115,105,98,108,101,32,61,61,32,116,114,117,101,32,116,104,101,110,10,32,32,32,32,32,32,32,32,32,32,32,32,32,32,32,32,116,97,98,108,101,46,105,110,115,101,114,116,40,65,108,108,73,68,115,44,32,73,68,41,10,32,32,32,32,32,32,32,32,32,32,32,32,32,32,32,32,116,97,115,107,46,119,97,105,116,40,41,10,32,32,32,32,32,32,32,32,32,32,32,32,32,32,32,32,112,99,97,108,108,40,102,117,110,99,116,105,111,110,40,41,10,32,32,32,32,32,32,32,32,32,32,32,32,32,32,32,32,32,32,32,32,119,114,105,116,101,102,105,108,101,40,34,88,101,110,111,110,65,117,116,111,80,114,101,115,51,83,101,114,118,101,114,66,108,111,99,107,101,114,46,106,115,111,110,34,44,32,103,97,109,101,58,71,101,116,83,101,114,118,105,99,101,40,39,72,116,116,112,83,101,114,118,105,99,101,39,41,58,74,83,79,78,69,110,99,111,100,101,40,65,108,108,73,68,115,41,41,10,32,32,32,32,32,32,32,32,32,32,32,32,32,32,32,32,32,32,32,32,116,97,115,107,46,119,97,105,116,40,41,10,32,32,32,32,32,32,32,32,32,32,32,32,32,32,32,32,32,32,32,32,103,97,109,101,58,71,101,116,83,101,114,118,105,99,101,40,34,84,101,108,101,112,111,114,116,83,101,114,118,105,99,101,34,41,58,84,101,108,101,112,111,114,116,84,111,80,108,97,99,101,73,110,115,116,97,110,99,101,40,80,108,97,99,101,73,68,44,32,73,68,44,32,103,97,109,101,46,80,108,97,121,101,114,115,46,76,111,99,97,108,80,108,97,121,101,114,41,10,32,32,32,32,32,32,32,32,32,32,32,32,32,32,32,32,101,110,100,41,10,32,32,32,32,32,32,32,32,32,32,32,32,32,32,32,32,116,97,115,107,46,119,97,105,116,40,52,41,10,32,32,32,32,32,32,32,32,32,32,32,32,101,110,100,10,32,32,32,32,32,32,32,32,101,110,100,10,32,32,32,32,101,110,100,10,101,110,100,10,10,108,111,99,97,108,32,102,117,110,99,116,105,111,110,32,84,101,108,101,112,111,114,116,40,41,10,32,32,32,32,119,104,105,108,101,32,116,97,115,107,46,119,97,105,116,40,41,32,100,111,10,32,32,32,32,32,32,32,32,112,99,97,108,108,40,102,117,110,99,116,105,111,110,40,41,10,32,32,32,32,32,32,32,32,32,32,32,32,105,102,32,103,101,116,103,101,110,118,40,41,46,108,101,115,115,80,105,110,103,32,116,104,101,110,10,32,32,32,32,32,32,32,32,32,32,32,32,32,32,32,32,103,97,109,101,58,71,101,116,83,101,114,118,105,99,101,40,34,84,101,108,101,112,111,114,116,83,101,114,118,105,99,101,34,41,58,84,101,108,101,112,111,114,116,40,50,56,48,57,50,48,50,49,53,53,44,32,103,97,109,101,58,71,101,116,83,101,114,118,105,99,101,40,34,80,108,97,121,101,114,115,34,41,46,76,111,99,97,108,80,108,97,121,101,114,41,10,32,32,32,32,32,32,32,32,32,32,32,32,32,32,32,32,103,97,109,101,58,71,101,116,83,101,114,118,105,99,101,40,34,84,101,108,101,112,111,114,116,83,101,114,118,105,99,101,34,41,46,84,101,108,101,112,111,114,116,73,110,105,116,70,97,105,108,101,100,58,67,111,110,110,101,99,116,40,102,117,110,99,116,105,111,110,40,41,10,32,32,32,32,32,32,32,32,32,32,32,32,32,32,32,32,32,32,32,32,103,97,109,101,58,71,101,116,83,101,114,118,105,99,101,40,34,84,101,108,101,112,111,114,116,83,101,114,118,105,99,101,34,41,58,84,101,108,101,112,111,114,116,40,50,56,48,57,50,48,50,49,53,53,44,32,103,97,109,101,58,71,101,116,83,101,114,118,105,99,101,40,34,80,108,97,121,101,114,115,34,41,46,76,111,99,97,108,80,108,97,121,101,114,41,10,32,32,32,32,32,32,32,32,32,32,32,32,32,32,32,32,101,110,100,41,10,32,32,32,32,32,32,32,32,32,32,32,32,32,32,32,32,114,101,112,101,97,116,32,116,97,115,107,46,119,97,105,116,40,41,32,117,110,116,105,108,32,103,97,109,101,46,74,111,98,73,100,32,126,61,32,103,97,109,101,46,74,111,98,73,100,10,32,32,32,32,32,32,32,32,32,32,32,32,101,110,100,10,32,32,32,32,32,32,32,32,32,32,32,32,84,80,82,101,116,117,114,110,101,114,40,41,10,32,32,32,32,32,32,32,32,32,32,32,32,105,102,32,102,111,117,110,100,65,110,121,116,104,105,110,103,32,126,61,32,34,34,32,116,104,101,110,10,32,32,32,32,32,32,32,32,32,32,32,32,32,32,32,32,84,80,82,101,116,117,114,110,101,114,40,41,10,32,32,32,32,32,32,32,32,32,32,32,32,101,110,100,10,32,32,32,32,32,32,32,32,101,110,100,41,10,32,32,32,32,101,110,100,10,101,110,100,10,10,112,97,114,116,32,61,32,73,110,115,116,97,110,99,101,46,110,101,119,40,34,80,97,114,116,34,41,10,112,97,114,116,46,80,97,114,101,110,116,32,61,32,119,111,114,107,115,112,97,99,101,10,112,97,114,116,46,65,110,99,104,111,114,101,100,32,61,32,116,114,117,101,10,112,97,114,116,46,83,105,122,101,32,61,32,86,101,99,116,111,114,51,46,110,101,119,40,50,53,44,49,44,50,53,41,10,112,97,114,116,46,80,111,115,105,116,105,111,110,32,61,32,86,101,99,116,111,114,51,46,110,101,119,40,53,48,48,44,32,50,48,48,48,44,32,53,48,48,41,10,10,108,111,99,97,108,32,102,117,110,99,116,105,111,110,32,102,105,110,100,73,116,101,109,40,105,116,101,109,78,97,109,101,41,10,32,32,32,32,108,111,99,97,108,32,73,116,101,109,115,68,105,99,116,32,61,32,123,10,32,32,32,32,32,32,32,32,91,34,80,111,115,105,116,105,111,110,34,93,32,61,32,123,125,44,10,32,32,32,32,32,32,32,32,91,34,80,114,111,120,105,109,105,116,121,80,114,111,109,112,116,34,93,32,61,32,123,125,44,10,32,32,32,32,32,32,32,32,91,34,73,116,101,109,115,34,93,32,61,32,123,125,10,32,32,32,32,125,10,10,32,32,32,32,102,111,114,32,95,44,105,116,101,109,32,105,110,32,112,97,105,114,115,40,103,97,109,101,58,71,101,116,83,101,114,118,105,99,101,40,34,87,111,114,107,115,112,97,99,101,34,41,91,34,73,116,101,109,95,83,112,97,119,110,115,34,93,46,73,116,101,109,115,58,71,101,116,67,104,105,108,100,114,101,110,40,41,41,32,100,111,10,32,32,32,32,32,32,32,32,105,102,32,105,116,101,109,58,70,105,110,100,70,105,114,115,116,67,104,105,108,100,40,34,77,101,115,104,80,97,114,116,34,41,32,97,110,100,32,105,116,101,109,46,80,114,111,120,105,109,105,116,121,80,114,111,109,112,116,46,79,98,106,101,99,116,84,101,120,116,32,61,61,32,105,116,101,109,78,97,109,101,32,116,104,101,110,10,32,32,32,32,32,32,32,32,32,32,32,32,105,102,32,105,116,101,109,46,80,114,111,120,105,109,105,116,121,80,114,111,109,112,116,46,77,97,120,65,99,116,105,118,97,116,105,111,110,68,105,115,116,97,110,99,101,32,61,61,32,56,32,116,104,101,110,10,32,32,32,32,32,32,32,32,32,32,32,32,32,32,32,32,116,97,98,108,101,46,105,110,115,101,114,116,40,73,116,101,109,115,68,105,99,116,91,34,73,116,101,109,115,34,93,44,32,105,116,101,109,46,80,114,111,120,105,109,105,116,121,80,114,111,109,112,116,46,79,98,106,101,99,116,84,101,120,116,41,10,32,32,32,32,32,32,32,32,32,32,32,32,32,32,32,32,116,97,98,108,101,46,105,110,115,101,114,116,40,73,116,101,109,115,68,105,99,116,91,34,80,114,111,120,105,109,105,116,121,80,114,111,109,112,116,34,93,44,32,105,116,101,109,46,80,114,111,120,105,109,105,116,121,80,114,111,109,112,116,41,10,32,32,32,32,32,32,32,32,32,32,32,32,32,32,32,32,116,97,98,108,101,46,105,110,115,101,114,116,40,73,116,101,109,115,68,105,99,116,91,34,80,111,115,105,116,105,111,110,34,93,44,32,105,116,101,109,46,77,101,115,104,80,97,114,116,46,67,70,114,97,109,101,41,10,32,32,32,32,32,32,32,32,32,32,32,32,101,110,100,10,32,32,32,32,32,32,32,32,101,110,100,10,32,32,32,32,101,110,100,10,32,32,32,32,114,101,116,117,114,110,32,73,116,101,109,115,68,105,99,116,10,101,110,100,10,10,108,111,99,97,108,32,102,117,110,99,116,105,111,110,32,99,111,117,110,116,73,116,101,109,115,40,105,116,101,109,78,97,109,101,41,10,32,32,32,32,108,111,99,97,108,32,105,116,101,109,65,109,111,117,110,116,32,61,32,48,10,32,32,32,32,102,111,114,32,95,44,105,116,101,109,32,105,110,32,112,97,105,114,115,40,103,97,109,101,46,80,108,97,121,101,114,115,46,76,111,99,97,108,80,108,97,121,101,114,46,66,97,99,107,112,97,99,107,58,71,101,116,67,104,105,108,100,114,101,110,40,41,41,32,100,111,10,32,32,32,32,32,32,32,32,105,102,32,105,116,101,109,46,78,97,109,101,32,61,61,32,105,116,101,109,78,97,109,101,32,116,104,101,110,10,32,32,32,32,32,32,32,32,32,32,32,32,105,116,101,109,65,109,111,117,110,116,32,43,61,32,49,10,32,32,32,32,32,32,32,32,101,110,100,10,32,32,32,32,101,110,100,10,32,32,32,32,114,101,116,117,114,110,32,105,116,101,109,65,109,111,117,110,116,10,101,110,100,10,10,108,111,99,97,108,32,102,117,110,99,116,105,111,110,32,117,115,101,73,116,101,109,40,97,73,116,101,109,44,32,97,109,111,117,110,116,41,10,32,32,32,32,108,111,99,97,108,32,105,116,101,109,32,61,32,76,111,99,97,108,80,108,97,121,101,114,46,66,97,99,107,112,97,99,107,58,87,97,105,116,70,111,114,67,104,105,108,100,40,97,73,116,101,109,44,32,53,41,10,32,32,32,32,105,102,32,110,111,116,32,105,116,101,109,32,116,104,101,110,10,32,32,32,32,32,32,32,32,84,101,108,101,112,111,114,116,40,41,10,32,32,32,32,101,110,100,10,32,32,32,32,105,102,32,97,109,111,117,110,116,32,116,104,101,110,10,32,32,32,32,32,32,32,32,76,111,99,97,108,80,108,97,121,101,114,46,67,104,97,114,97,99,116,101,114,46,72,117,109,97,110,111,105,100,58,69,113,117,105,112,84,111,111,108,40,105,116,101,109,41,10,32,32,32,32,32,32,32,32,76,111,99,97,108,80,108,97,121,101,114,46,67,104,97,114,97,99,116,101,114,58,87,97,105,116,70,111,114,67,104,105,108,100,40,34,82,101,109,111,116,101,70,117,110,99,116,105,111,110,34,41,58,73,110,118,111,107,101,83,101,114,118,101,114,40,34,76,101,97,114,110,83,107,105,108,108,34,44,123,91,34,83,107,105,108,108,34,93,32,61,32,34,87,111,114,116,104,105,110,101,115,115,32,34,46,46,32,97,109,111,117,110,116,44,91,34,83,107,105,108,108,84,114,101,101,84,121,112,101,34,93,32,61,32,34,67,104,97,114,97,99,116,101,114,34,125,41,10,32,32,32,32,32,32,32,32,114,101,112,101,97,116,32,105,116,101,109,58,65,99,116,105,118,97,116,101,40,41,32,116,97,115,107,46,119,97,105,116,40,41,32,117,110,116,105,108,32,76,111,99,97,108,80,108,97,121,101,114,46,80,108,97,121,101,114,71,117,105,58,70,105,110,100,70,105,114,115,116,67,104,105,108,100,40,34,68,105,97,108,111,103,117,101,71,117,105,34,41,10,32,32,32,32,32,32,32,32,102,105,114,101,115,105,103,110,97,108,40,76,111,99,97,108,80,108,97,121,101,114,46,80,108,97,121,101,114,71,117,105,58,87,97,105,116,70,111,114,67,104,105,108,100,40,34,68,105,97,108,111,103,117,101,71,117,105,34,41,46,70,114,97,109,101,46,67,108,105,99,107,67,111,110,116,105,110,117,101,46,77,111,117,115,101,66,117,116,116,111,110,49,67,108,105,99,107,41,10,32,32,32,32,32,32,32,32,102,105,114,101,115,105,103,110,97,108,40,76,111,99,97,108,80,108,97,121,101,114,46,80,108,97,121,101,114,71,117,105,58,87,97,105,116,70,111,114,67,104,105,108,100,40,34,68,105,97,108,111,103,117,101,71,117,105,34,41,46,70,114,97,109,101,46,79,112,116,105,111,110,115,58,87,97,105,116,70,111,114,67,104,105,108,100,40,34,79,112,116,105,111,110,49,34,41,46,84,101,120,116,66,117,116,116,111,110,46,77,111,117,115,101,66,117,116,116,111,110,49,67,108,105,99,107,41,10,32,32,32,32,32,32,32,32,102,105,114,101,115,105,103,110,97,108,40,76,111,99,97,108,80,108,97,121,101,114,46,80,108,97,121,101,114,71,117,105,58,87,97,105,116,70,111,114,67,104,105,108,100,40,34,68,105,97,108,111,103,117,101,71,117,105,34,41,46,70,114,97,109,101,46,67,108,105,99,107,67,111,110,116,105,110,117,101,46,77,111,117,115,101,66,117,116,116,111,110,49,67,108,105,99,107,41,10,32,32,32,32,32,32,32,32,114,101,112,101,97,116,32,116,97,115,107,46,119,97,105,116,40,41,32,117,110,116,105,108,32,76,111,99,97,108,80,108,97,121,101,114,46,80,108,97,121,101,114,71,117,105,58,87,97,105,116,70,111,114,67,104,105,108,100,40,34,68,105,97,108,111,103,117,101,71,117,105,34,41,46,70,114,97,109,101,46,68,105,97,108,111,103,117,101,70,114,97,109,101,46,70,114,97,109,101,46,76,105,110,101,48,48,49,46,67,111,110,116,97,105,110,101,114,46,71,114,111,117,112,48,48,49,46,84,101,120,116,32,61,61,32,34,89,111,117,34,10,32,32,32,32,32,32,32,32,102,105,114,101,115,105,103,110,97,108,40,76,111,99,97,108,80,108,97,121,101,114,46,80,108,97,121,101,114,71,117,105,58,87,97,105,116,70,111,114,67,104,105,108,100,40,34,68,105,97,108,111,103,117,101,71,117,105,34,41,46,70,114,97,109,101,46,67,108,105,99,107,67,111,110,116,105,110,117,101,46,77,111,117,115,101,66,117,116,116,111,110,49,67,108,105,99,107,41,10,32,32,32,32,101,110,100,10,101,110,100,10,10,108,111,99,97,108,32,102,117,110,99,116,105,111,110,32,97,116,116,101,109,112,116,83,116,97,110,100,70,97,114,109,40,41,10,32,32,32,32,76,111,99,97,108,80,108,97,121,101,114,46,67,104,97,114,97,99,116,101,114,46,72,117,109,97,110,111,105,100,82,111,111,116,80,97,114,116,46,67,70,114,97,109,101,32,61,32,67,70,114,97,109,101,46,110,101,119,40,53,48,48,44,32,50,48,49,48,44,32,53,48,48,41,10,32,32,32,32,105,102,32,76,111,99,97,108,80,108,97,121,101,114,46,80,108,97,121,101,114,83,116,97,116,115,46,83,116,97,110,100,46,86,97,108,117,101,32,61,61,32,34,78,111,110,101,34,32,116,104,101,110,10,32,32,32,32,32,32,32,32,105,102,32,99,111,117,110,116,73,116,101,109,115,40,34,77,121,115,116,101,114,105,111,117,115,32,65,114,114,111,119,34,41,32,62,61,32,49,32,97,110,100,32,99,111,117,110,116,73,116,101,109,115,40,34,82,111,107,97,107,97,107,97,34,41,32,62,61,32,49,32,116,104,101,110,10,32,32,32,32,32,32,32,32,32,32,32,32,117,115,101,73,116,101,109,40,34,77,121,115,116,101,114,105,111,117,115,32,65,114,114,111,119,34,44,32,34,73,73,34,41,10,32,32,32,32,32,32,32,32,32,32,32,32,114,101,112,101,97,116,32,116,97,115,107,46,119,97,105,116,40,41,32,117,110,116,105,108,32,76,111,99,97,108,80,108,97,121,101,114,46,80,108,97,121,101,114,83,116,97,116,115,46,83,116,97,110,100,46,86,97,108,117,101,32,126,61,32,34,78,111,110,101,34,10,32,32,32,32,32,32,32,32,32,32,32,32,105,102,32,110,111,116,32,103,101,116,103,101,110,118,40,41,46,115,116,97,110,100,76,105,115,116,91,76,111,99,97,108,80,108,97,121,101,114,46,80,108,97,121,101,114,83,116,97,116,115,46,83,116,97,110,100,46,86,97,108,117,101,93,32,116,104,101,110,10,32,32,32,32,32,32,32,32,32,32,32,32,32,32,32,32,117,115,101,73,116,101,109,40,34,82,111,107,97,107,97,107,97,34,44,32,34,73,73,34,41,10,32,32,32,32,32,32,32,32,32,32,32,32,101,108,115,101,105,102,32,103,101,116,103,101,110,118,40,41,46,115,116,97,110,100,76,105,115,116,91,76,111,99,97,108,80,108,97,121,101,114,46,80,108,97,121,101,114,83,116,97,116,115,46,83,116,97,110,100,46,86,97,108,117,101,93,32,116,104,101,110,10,32,32,32,32,32,32,32,32,32,32,32,32,32,32,32,32,100,111,110,116,84,80,79,110,68,101,97,116,104,32,61,32,116,114,117,101,10,32,32,32,32,32,32,32,32,32,32,32,32,32,32,32,32,84,101,108,101,112,111,114,116,40,41,10,32,32,32,32,32,32,32,32,32,32,32,32,101,110,100,10,32,32,32,32,32,32,32,32,101,108,115,101,10,32,32,32,32,32,32,32,32,32,32,32,32,102,97,114,109,73,116,101,109,40,34,77,121,115,116,101,114,105,111,117,115,32,65,114,114,111,119,34,44,32,49,41,10,32,32,32,32,32,32,32,32,32,32,32,32,102,97,114,109,73,116,101,109,40,34,82,111,107,97,107,97,107,97,34,44,32,49,41,10,32,32,32,32,32,32,32,32,32,32,32,32,97,116,116,101,109,112,116,83,116,97,110,100,70,97,114,109,40,41,10,32,32,32,32,32,32,32,32,101,110,100,10,32,32,32,32,101,108,115,101,105,102,32,110,111,116,32,103,101,116,103,101,110,118,40,41,46,115,116,97,110,100,76,105,115,116,91,76,111,99,97,108,80,108,97,121,101,114,46,80,108,97,121,101,114,83,116,97,116,115,46,83,116,97,110,100,46,86,97,108,117,101,93,32,116,104,101,110,10,32,32,32,32,32,32,32,32,117,115,101,73,116,101,109,40,34,82,111,107,97,107,97,107,97,34,44,32,34,73,73,34,41,10,32,32,32,32,101,110,100,10,101,110,100,10,10,108,111,99,97,108,32,102,117,110,99,116,105,111,110,32,103,101,116,105,116,101,109,40,105,116,101,109,44,32,105,116,101,109,73,110,100,101,120,41,10,32,32,32,32,108,111,99,97,108,32,103,111,116,73,116,101,109,32,61,32,102,97,108,115,101,10,32,32,32,32,108,111,99,97,108,32,116,105,109,101,111,117,116,32,61,32,103,101,116,103,101,110,118,40,41,46,119,97,105,116,85,110,116,105,108,67,111,108,108,101,99,116,32,43,32,53,10,32,32,32,32,105,102,32,67,104,97,114,97,99,116,101,114,58,70,105,110,100,70,105,114,115,116,67,104,105,108,100,40,34,83,117,109,109,111,110,101,100,83,116,97,110,100,34,41,32,116,104,101,110,10,32,32,32,32,32,32,32,32,105,102,32,67,104,97,114,97,99,116,101,114,58,70,105,110,100,70,105,114,115,116,67,104,105,108,100,40,34,83,117,109,109,111,110,101,100,83,116,97,110,100,34,41,46,86,97,108,117,101,32,116,104,101,110,10,32,32,32,32,32,32,32,32,32,32,32,32,82,101,109,111,116,101,70,117,110,99,116,105,111,110,58,73,110,118,111,107,101,83,101,114,118,101,114,40,34,84,111,103,103,108,101,83,116,97,110,100,34,44,32,34,84,111,103,103,108,101,34,41,10,32,32,32,32,32,32,32,32,101,110,100,10,32,32,32,32,101,110,100,10,32,32,32,32,76,111,99,97,108,80,108,97,121,101,114,46,66,97,99,107,112,97,99,107,46,67,104,105,108,100,65,100,100,101,100,58,67,111,110,110,101,99,116,40,102,117,110,99,116,105,111,110,40,41,10,32,32,32,32,32,32,32,32,103,111,116,73,116,101,109,32,61,32,116,114,117,101,10,32,32,32,32,101,110,100,41,10,32,32,32,32,116,97,115,107,46,115,112,97,119,110,40,102,117,110,99,116,105,111,110,40,41,10,32,32,32,32,32,32,32,32,119,104,105,108,101,32,110,111,116,32,103,111,116,73,116,101,109,32,100,111,10,32,32,32,32,32,32,32,32,32,32,32,32,116,97,115,107,46,119,97,105,116,40,41,10,32,32,32,32,32,32,32,32,32,32,32,32,103,97,109,101,46,80,108,97,121,101,114,115,46,76,111,99,97,108,80,108,97,121,101,114,46,67,104,97,114,97,99,116,101,114,46,72,117,109,97,110,111,105,100,82,111,111,116,80,97,114,116,46,67,70,114,97,109,101,32,61,32,105,116,101,109,91,34,80,111,115,105,116,105,111,110,34,93,91,105,116,101,109,73,110,100,101,120,93,32,45,32,86,101,99,116,111,114,51,46,110,101,119,40,48,44,49,48,44,48,41,10,32,32,32,32,32,32,32,32,101,110,100,10,32,32,32,32,101,110,100,41,10,32,32,32,32,116,97,115,107,46,119,97,105,116,40,103,101,116,103,101,110,118,40,41,46,119,97,105,116,85,110,116,105,108,67,111,108,108,101,99,116,41,10,32,32,32,32,116,97,115,107,46,115,112,97,119,110,40,102,117,110,99,116,105,111,110,40,41,10,32,32,32,32,32,32,32,32,102,105,114,101,112,114,111,120,105,109,105,116,121,112,114,111,109,112,116,40,105,116,101,109,91,34,80,114,111,120,105,109,105,116,121,80,114,111,109,112,116,34,93,91,105,116,101,109,73,110,100,101,120,93,41,10,32,32,32,32,32,32,32,32,108,111,99,97,108,32,115,99,114,101,101,110,71,117,105,32,61,32,76,111,99,97,108,80,108,97,121,101,114,46,80,108,97,121,101,114,71,117,105,58,87,97,105,116,70,111,114,67,104,105,108,100,40,34,83,99,114,101,101,110,71,117,105,34,44,53,41,10,32,32,32,32,32,32,32,32,105,102,32,110,111,116,32,115,99,114,101,101,110,71,117,105,32,116,104,101,110,10,32,32,32,32,32,32,32,32,32,32,32,32,114,101,116,117,114,110,10,32,32,32,32,32,32,32,32,101,110,100,10,32,32,32,32,32,32,32,32,108,111,99,97,108,32,115,99,114,101,101,110,71,117,105,80,97,114,116,32,61,32,115,99,114,101,101,110,71,117,105,58,87,97,105,116,70,111,114,67,104,105,108,100,40,34,80,97,114,116,34,41,10,32,32,32,32,32,32,32,32,102,111,114,32,95,44,32,98,117,116,116,111,110,32,105,110,32,112,97,105,114,115,40,115,99,114,101,101,110,71,117,105,80,97,114,116,58,71,101,116,68,101,115,99,101,110,100,97,110,116,115,40,41,41,32,100,111,10,32,32,32,32,32,32,32,32,32,32,32,32,105,102,32,98,117,116,116,111,110,58,70,105,110,100,70,105,114,115,116,67,104,105,108,100,40,34,80,97,114,116,34,41,32,116,104,101,110,10,32,32,32,32,32,32,32,32,32,32,32,32,32,32,32,32,105,102,32,98,117,116,116,111,110,58,73,115,65,40,34,73,109,97,103,101,66,117,116,116,111,110,34,41,32,97,110,100,32,98,117,116,116,111,110,58,87,97,105,116,70,111,114,67,104,105,108,100,40,34,80,97,114,116,34,41,46,84,101,120,116,67,111,108,111,114,51,32,61,61,32,67,111,108,111,114,51,46,110,101,119,40,48,44,32,49,44,32,48,41,32,116,104,101,110,10,32,32,32,32,32,32,32,32,32,32,32,32,32,32,32,32,32,32,32,32,114,101,112,101,97,116,10,32,32,32,32,32,32,32,32,32,32,32,32,32,32,32,32,32,32,32,32,32,32,32,32,102,105,114,101,115,105,103,110,97,108,40,98,117,116,116,111,110,46,77,111,117,115,101,69,110,116,101,114,41,10,32,32,32,32,32,32,32,32,32,32,32,32,32,32,32,32,32,32,32,32,32,32,32,32,102,105,114,101,115,105,103,110,97,108,40,98,117,116,116,111,110,46,77,111,117,115,101,66,117,116,116,111,110,49,85,112,41,10,32,32,32,32,32,32,32,32,32,32,32,32,32,32,32,32,32,32,32,32,32,32,32,32,102,105,114,101,115,105,103,110,97,108,40,98,117,116,116,111,110,46,77,111,117,115,101,66,117,116,116,111,110,49,67,108,105,99,107,41,10,32,32,32,32,32,32,32,32,32,32,32,32,32,32,32,32,32,32,32,32,32,32,32,32,102,105,114,101,115,105,103,110,97,108,40,98,117,116,116,111,110,46,65,99,116,105,118,97,116,101,100,41,10,32,32,32,32,32,32,32,32,32,32,32,32,32,32,32,32,32,32,32,32,32,32,32,32,116,97,115,107,46,119,97,105,116,40,41,10,32,32,32,32,32,32,32,32,32,32,32,32,32,32,32,32,32,32,32,32,117,110,116,105,108,32,110,111,116,32,76,111,99,97,108,80,108,97,121,101,114,46,80,108,97,121,101,114,71,117,105,58,70,105,110,100,70,105,114,115,116,67,104,105,108,100,40,34,83,99,114,101,101,110,71,117,105,34,41,10,32,32,32,32,32,32,32,32,32,32,32,32,32,32,32,32,101,110,100,10,32,32,32,32,32,32,32,32,32,32,32,32,101,110,100,10,32,32,32,32,32,32,32,32,101,110,100,10,32,32,32,32,101,110,100,41,10,32,32,32,32,116,97,115,107,46,115,112,97,119,110,40,102,117,110,99,116,105,111,110,40,41,10,32,32,32,32,32,32,32,32,102,111,114,32,105,61,116,105,109,101,111,117,116,44,32,49,44,32,45,49,32,100,111,10,32,32,32,32,32,32,32,32,32,32,32,32,116,97,115,107,46,119,97,105,116,40,49,41,10,32,32,32,32,32,32,32,32,101,110,100,10,32,32,32,32,32,32,32,32,105,102,32,110,111,116,32,103,111,116,73,116,101,109,32,116,104,101,110,10,32,32,32,32,32,32,32,32,32,32,32,32,103,111,116,73,116,101,109,32,61,32,116,114,117,101,10,32,32,32,32,32,32,32,32,32,32,32,32,114,101,116,117,114,110,10,32,32,32,32,32,32,32,32,101,110,100,10,32,32,32,32,101,110,100,41,10,32,32,32,32,119,104,105,108,101,32,110,111,116,32,103,111,116,73,116,101,109,32,100,111,10,32,32,32,32,32,32,32,32,116,97,115,107,46,119,97,105,116,40,41,10,32,32,32,32,101,110,100,10,101,110,100,10,10,108,111,99,97,108,32,102,117,110,99,116,105,111,110,32,102,97,114,109,73,116,101,109,40,105,116,101,109,78,97,109,101,44,32,97,109,111,117,110,116,41,10,32,32,32,32,108,111,99,97,108,32,105,116,101,109,115,32,61,32,102,105,110,100,73,116,101,109,40,105,116,101,109,78,97,109,101,41,10,32,32,32,32,108,111,99,97,108,32,97,109,111,117,110,116,70,105,114,115,116,32,61,32,99,111,117,110,116,73,116,101,109,115,40,105,116,101,109,78,97,109,101,41,32,61,61,32,97,109,111,117,110,116,10,32,32,32,32,102,111,114,32,105,116,101,109,73,110,100,101,120,44,32,95,32,105,110,32,112,97,105,114,115,40,105,116,101,109,115,91,34,80,111,115,105,116,105,111,110,34,93,41,32,100,111,10,32,32,32,32,32,32,32,32,105,102,32,99,111,117,110,116,73,116,101,109,115,40,105,116,101,109,78,97,109,101,41,32,61,61,32,97,109,111,117,110,116,32,111,114,32,97,109,111,117,110,116,70,105,114,115,116,32,116,104,101,110,10,32,32,32,32,32,32,32,32,32,32,32,32,98,114,101,97,107,10,32,32,32,32,32,32,32,32,101,108,115,101,10,32,32,32,32,32,32,32,32,32,32,32,32,103,101,116,105,116,101,109,40,105,116,101,109,115,44,32,105,116,101,109,73,110,100,101,120,41,10,32,32,32,32,32,32,32,32,101,110,100,10,32,32,32,32,101,110,100,10,32,32,32,32,114,101,116,117,114,110,32,116,114,117,101,10,101,110,100,10,10,108,111,99,97,108,32,102,117,110,99,116,105,111,110,32,101,110,100,68,105,97,108,111,103,117,101,40,78,80,67,44,32,68,105,97,108,111,103,117,101,44,32,79,112,116,105,111,110,41,10,32,32,32,32,82,101,109,111,116,101,69,118,101,110,116,58,70,105,114,101,83,101,114,118,101,114,40,34,69,110,100,68,105,97,108,111,103,117,101,34,44,32,123,91,34,78,80,67,34,93,32,61,32,78,80,67,44,32,91,34,68,105,97,108,111,103,117,101,34,93,32,61,32,68,105,97,108,111,103,117,101,44,32,91,34,79,112,116,105,111,110,34,93,32,61,32,79,112,116,105,111,110,125,41,10,101,110,100,10,10,108,111,99,97,108,32,102,117,110,99,116,105,111,110,32,115,116,111,114,121,68,105,97,108,111,103,117,101,40,41,10,32,32,32,32,108,111,99,97,108,32,81,117,101,115,116,32,61,32,123,10,32,32,32,32,32,32,32,32,91,34,83,116,111,114,121,108,105,110,101,34,93,32,61,32,123,34,35,49,34,44,32,34,35,49,34,44,32,34,35,49,34,44,32,34,35,50,34,44,32,34,35,51,34,44,32,34,35,51,34,44,32,34,35,51,34,44,32,34,35,52,34,44,32,34,35,53,34,44,32,34,35,54,34,44,32,34,35,55,34,44,32,34,35,56,34,44,32,34,35,57,34,44,32,34,35,49,48,34,44,32,34,35,49,49,34,44,32,34,35,49,49,34,44,32,34,35,49,50,34,44,32,34,35,49,52,34,125,44,10,32,32,32,32,32,32,32,32,91,34,68,105,97,108,111,103,117,101,34,93,32,61,32,123,34,68,105,97,108,111,103,117,101,50,34,44,32,34,68,105,97,108,111,103,117,101,54,34,44,32,34,68,105,97,108,111,103,117,101,54,34,44,32,34,68,105,97,108,111,103,117,101,51,34,44,32,34,68,105,97,108,111,103,117,101,51,34,44,32,34,68,105,97,108,111,103,117,101,51,34,44,32,34,68,105,97,108,111,103,117,101,54,34,44,32,34,68,105,97,108,111,103,117,101,51,34,44,32,34,68,105,97,108,111,103,117,101,53,34,44,32,34,68,105,97,108,111,103,117,101,53,34,44,32,34,68,105,97,108,111,103,117,101,53,34,44,32,34,68,105,97,108,111,103,117,101,52,34,44,32,34,68,105,97,108,111,103,117,101,55,34,44,32,34,68,105,97,108,111,103,117,101,54,34,44,32,34,68,105,97,108,111,103,117,101,56,34,44,32,34,68,105,97,108,111,103,117,101,49,49,34,44,32,34,68,105,97,108,111,103,117,101,51,34,44,32,34,68,105,97,108,111,103,117,101,50,34,125,10,32,32,32,32,125,10,32,32,32,32,102,111,114,32,99,111,117,110,116,101,114,32,61,32,49,44,32,49,56,44,32,49,32,100,111,10,32,32,32,32,32,32,32,32,82,101,109,111,116,101,69,118,101,110,116,58,70,105,114,101,83,101,114,118,101,114,40,34,69,110,100,68,105,97,108,111,103,117,101,34,44,32,123,91,34,78,80,67,34,93,32,61,32,34,83,116,111,114,121,108,105,110,101,34,46,46,32,34,32,34,32,46,46,32,81,117,101,115,116,91,34,83,116,111,114,121,108,105,110,101,34,93,91,99,111,117,110,116,101,114,93,44,91,34,68,105,97,108,111,103,117,101,34,93,32,61,32,81,117,101,115,116,91,34,68,105,97,108,111,103,117,101,34,93,91,99,111,117,110,116,101,114,93,44,91,34,79,112,116,105,111,110,34,93,32,61,32,34,79,112,116,105,111,110,49,34,125,41,10,32,32,32,32,101,110,100,10,101,110,100,10,10,108,111,99,97,108,32,102,117,110,99,116,105,111,110,32,107,105,108,108,78,80,67,40,110,112,99,78,97,109,101,44,32,112,108,97,121,101,114,68,105,115,116,97,110,99,101,44,32,100,111,110,116,68,101,115,116,114,111,121,79,110,75,105,108,108,41,10,32,32,32,32,108,111,99,97,108,32,78,80,67,32,61,32,119,111,114,107,115,112,97,99,101,46,76,105,118,105,110,103,58,87,97,105,116,70,111,114,67,104,105,108,100,40,110,112,99,78,97,109,101,44,32,103,101,116,103,101,110,118,40,41,46,78,80,67,84,105,109,101,79,117,116,41,10,32,32,32,32,108,111,99,97,108,32,98,101,105,110,103,84,97,114,103,101,116,101,100,32,61,32,116,114,117,101,10,32,32,32,32,108,111,99,97,108,32,100,111,110,101,75,105,108,108,101,100,32,61,32,102,97,108,115,101,10,32,32,32,32,108,111,99,97,108,32,100,101,97,100,67,104,101,99,107,10,32,32,32,32,105,102,32,110,111,116,32,78,80,67,32,116,104,101,110,10,32,32,32,32,32,32,32,32,84,101,108,101,112,111,114,116,40,41,10,32,32,32,32,101,110,100,10,32,32,32,32,108,111,99,97,108,32,102,117,110,99,116,105,111,110,32,115,101,116,83,116,97,110,100,77,111,114,112,104,80,111,115,105,116,105,111,110,40,41,10,32,32,32,32,32,32,32,32,112,99,97,108,108,40,102,117,110,99,116,105,111,110,40,41,10,32,32,32,32,32,32,32,32,32,32,32,32,105,102,32,76,111,99,97,108,80,108,97,121,101,114,46,80,108,97,121,101,114,83,116,97,116,115,46,83,116,97,110,100,46,86,97,108,117,101,32,61,61,32,34,78,111,110,101,34,32,116,104,101,110,10,32,32,32,32,32,32,32,32,32,32,32,32,32,32,32,32,72,82,80,46,67,70,114,97,109,101,32,61,32,78,80,67,46,72,117,109,97,110,111,105,100,82,111,111,116,80,97,114,116,46,67,70,114,97,109,101,32,45,32,86,101,99,116,111,114,51,46,110,101,119,40,48,44,32,53,44,32,48,41,10,32,32,32,32,32,32,32,32,32,32,32,32,32,32,32,32,114,101,116,117,114,110,10,32,32,32,32,32,32,32,32,32,32,32,32,101,110,100,10,32,32,32,32,32,32,32,32,32,32,32,32,105,102,32,110,111,116,32,67,104,97,114,97,99,116,101,114,58,70,105,110,100,70,105,114,115,116,67,104,105,108,100,40,34,83,117,109,109,111,110,101,100,83,116,97,110,100,34,41,46,86,97,108,117,101,32,111,114,32,110,111,116,32,67,104,97,114,97,99,116,101,114,58,70,105,110,100,70,105,114,115,116,67,104,105,108,100,40,34,83,116,97,110,100,77,111,114,112,104,34,41,32,116,104,101,110,10,32,32,32,32,32,32,32,32,32,32,32,32,32,32,32,32,82,101,109,111,116,101,70,117,110,99,116,105,111,110,58,73,110,118,111,107,101,83,101,114,118,101,114,40,34,84,111,103,103,108,101,83,116,97,110,100,34,44,32,34,84,111,103,103,108,101,34,41,10,32,32,32,32,32,32,32,32,32,32,32,32,32,32,32,32,114,101,116,117,114,110,10,32,32,32,32,32,32,32,32,32,32,32,32,101,110,100,10,32,32,32,32,32,32,32,32,32,32,32,32,67,104,97,114,97,99,116,101,114,46,83,116,97,110,100,77,111,114,112,104,46,80,114,105,109,97,114,121,80,97,114,116,46,67,70,114,97,109,101,32,61,32,78,80,67,46,72,117,109,97,110,111,105,100,82,111,111,116,80,97,114,116,46,67,70,114,97,109,101,32,43,32,78,80,67,46,72,117,109,97,110,111,105,100,82,111,111,116,80,97,114,116,46,67,70,114,97,109,101,46,108,111,111,107,86,101,99,116,111,114,32,42,32,45,49,46,49,10,32,32,32,32,32,32,32,32,32,32,32,32,72,82,80,46,67,70,114,97,109,101,32,61,32,67,104,97,114,97,99,116,101,114,46,83,116,97,110,100,77,111,114,112,104,46,80,114,105,109,97,114,121,80,97,114,116,46,67,70,114,97,109,101,32,43,32,67,104,97,114,97,99,116,101,114,46,83,116,97,110,100,77,111,114,112,104,46,80,114,105,109,97,114,121,80,97,114,116,46,67,70,114,97,109,101,46,108,111,111,107,86,101,99,116,111,114,32,45,32,86,101,99,116,111,114,51,46,110,101,119,40,48,44,32,112,108,97,121,101,114,68,105,115,116,97,110,99,101,44,32,48,41,10,32,32,32,32,32,32,32,32,32,32,32,32,105,102,32,110,111,116,32,67,104,97,114,97,99,116,101,114,58,70,105,110,100,70,105,114,115,116,67,104,105,108,100,40,34,70,111,99,117,115,67,97,109,34,41,32,116,104,101,110,10,32,32,32,32,32,32,32,32,32,32,32,32,32,32,32,32,108,111,99,97,108,32,70,111,99,117,115,67,97,109,32,61,32,73,110,115,116,97,110,99,101,46,110,101,119,40,34,79,98,106,101,99,116,86,97,108,117,101,34,44,32,67,104,97,114,97,99,116,101,114,41,10,32,32,32,32,32,32,32,32,32,32,32,32,32,32,32,32,70,111,99,117,115,67,97,109,46,78,97,109,101,32,61,32,34,70,111,99,117,115,67,97,109,34,10,32,32,32,32,32,32,32,32,32,32,32,32,32,32,32,32,70,111,99,117,115,67,97,109,46,86,97,108,117,101,32,61,32,67,104,97,114,97,99,116,101,114,46,83,116,97,110,100,77,111,114,112,104,46,80,114,105,109,97,114,121,80,97,114,116,10,32,32,32,32,32,32,32,32,32,32,32,32,101,110,100,10,32,32,32,32,32,32,32,32,32,32,32,32,105,102,32,67,104,97,114,97,99,116,101,114,58,70,105,110,100,70,105,114,115,116,67,104,105,108,100,40,34,70,111,99,117,115,67,97,109,34,41,32,97,110,100,32,67,104,97,114,97,99,116,101,114,46,70,111,99,117,115,67,97,109,46,86,97,108,117,101,32,126,61,32,67,104,97,114,97,99,116,101,114,46,83,116,97,110,100,77,111,114,112,104,46,80,114,105,109,97,114,121,80,97,114,116,32,116,104,101,110,10,32,32,32,32,32,32,32,32,32,32,32,32,32,32,32,32,67,104,97,114,97,99,116,101,114,46,70,111,99,117,115,67,97,109,46,86,97,108,117,101,32,61,32,67,104,97,114,97,99,116,101,114,46,83,116,97,110,100,77,111,114,112,104,46,80,114,105,109,97,114,121,80,97,114,116,10,32,32,32,32,32,32,32,32,32,32,32,32,101,110,100,10,32,32,32,32,32,32,32,32,101,110,100,41,10,32,32,32,32,101,110,100,10,32,32,32,32,108,111,99,97,108,32,102,117,110,99,116,105,111,110,32,66,108,111,99,107,66,114,101,97,107,101,114,40,41,10,32,32,32,32,32,32,32,32,105,102,32,110,111,116,32,78,80,67,32,111,114,32,78,80,67,46,80,97,114,101,110,116,32,61,61,32,110,105,108,32,116,104,101,110,10,32,32,32,32,32,32,32,32,32,32,32,32,114,101,116,117,114,110,10,32,32,32,32,32,32,32,32,101,110,100,10,32,32,32,32,32,32,32,32,105,102,32,103,97,109,101,58,71,101,116,83,101,114,118,105,99,101,40,34,67,111,108,108,101,99,116,105,111,110,83,101,114,118,105,99,101,34,41,58,72,97,115,84,97,103,40,78,80,67,44,32,34,66,108,111,99,107,105,110,103,34,41,32,116,104,101,110,10,32,32,32,32,32,32,32,32,32,32,32,32,82,101,109,111,116,101,69,118,101,110,116,58,70,105,114,101,83,101,114,118,101,114,40,34,73,110,112,117,116,66,101,103,97,110,34,44,32,123,91,34,73,110,112,117,116,34,93,32,61,32,69,110,117,109,46,75,101,121,67,111,100,101,46,82,125,41,10,32,32,32,32,32,32,32,32,101,108,115,101,105,102,32,78,80,67,46,72,117,109,97,110,111,105,100,46,72,101,97,108,116,104,32,60,61,32,49,32,116,104,101,110,10,32,32,32,32,32,32,32,32,32,32,32,32,116,97,115,107,46,115,112,97,119,110,40,102,117,110,99,116,105,111,110,40,41,10,32,32,32,32,32,32,32,32,32,32,32,32,32,32,32,32,116,97,115,107,46,119,97,105,116,40,53,41,10,32,32,32,32,32,32,32,32,32,32,32,32,32,32,32,32,105,102,32,78,80,67,32,116,104,101,110,10,32,32,32,32,32,32,32,32,32,32,32,32,32,32,32,32,32,32,32,32,82,101,109,111,116,101,70,117,110,99,116,105,111,110,58,73,110,118,111,107,101,83,101,114,118,101,114,40,34,65,116,116,97,99,107,34,44,32,34,109,49,34,41,10,32,32,32,32,32,32,32,32,32,32,32,32,32,32,32,32,101,110,100,10,32,32,32,32,32,32,32,32,32,32,32,32,101,110,100,41,10,32,32,32,32,32,32,32,32,101,108,115,101,105,102,32,78,80,67,46,72,117,109,97,110,111,105,100,46,72,101,97,108,116,104,32,62,61,32,49,32,116,104,101,110,10,32,32,32,32,32,32,32,32,32,32,32,32,82,101,109,111,116,101,70,117,110,99,116,105,111,110,58,73,110,118,111,107,101,83,101,114,118,101,114,40,34,65,116,116,97,99,107,34,44,32,34,109,49,34,41,10,32,32,32,32,32,32,32,32,101,110,100,10,32,32,32,32,101,110,100,10,32,32,32,32,100,101,97,100,67,104,101,99,107,32,61,32,76,111,99,97,108,80,108,97,121,101,114,46,80,108,97,121,101,114,71,117,105,46,72,85,68,46,77,97,105,110,46,68,114,111,112,77,111,110,101,121,46,77,111,110,101,121,46,67,104,105,108,100,65,100,100,101,100,58,67,111,110,110,101,99,116,40,102,117,110,99,116,105,111,110,40,99,104,105,108,100,41,10,32,32,32,32,32,32,32,32,108,111,99,97,108,32,110,117,109,98,101,114,32,61,32,116,111,110,117,109,98,101,114,40,115,116,114,105,110,103,46,109,97,116,99,104,40,99,104,105,108,100,46,78,97,109,101,44,34,37,100,43,34,41,41,10,32,32,32,32,32,32,32,32,105,102,32,110,117,109,98,101,114,32,97,110,100,32,78,80,67,32,116,104,101,110,10,32,32,32,32,32,32,32,32,32,32,32,32,100,111,110,101,75,105,108,108,101,100,32,61,32,116,114,117,101,10,32,32,32,32,32,32,32,32,32,32,32,32,100,101,97,100,67,104,101,99,107,58,68,105,115,99,111,110,110,101,99,116,40,41,10,32,32,32,32,32,32,32,32,32,32,32,32,105,102,32,110,111,116,32,100,111,110,116,68,101,115,116,114,111,121,79,110,75,105,108,108,32,116,104,101,110,10,32,32,32,32,32,32,32,32,32,32,32,32,32,32,32,32,78,80,67,58,68,101,115,116,114,111,121,40,41,10,32,32,32,32,32,32,32,32,32,32,32,32,101,110,100,10,32,32,32,32,32,32,32,32,101,110,100,10,32,32,32,32,101,110,100,41,10,32,32,32,32,119,104,105,108,101,32,98,101,105,110,103,84,97,114,103,101,116,101,100,32,100,111,10,32,32,32,32,32,32,32,32,116,97,115,107,46,119,97,105,116,40,41,10,32,32,32,32,32,32,32,32,105,102,32,110,111,116,32,78,80,67,58,70,105,110,100,70,105,114,115,116,67,104,105,108,100,40,34,72,117,109,97,110,111,105,100,82,111,111,116,80,97,114,116,34,41,32,116,104,101,110,10,32,32,32,32,32,32,32,32,32,32,32,32,100,101,97,100,67,104,101,99,107,58,68,105,115,99,111,110,110,101,99,116,40,41,10,32,32,32,32,32,32,32,32,32,32,32,32,98,101,105,110,103,84,97,114,103,101,116,101,100,32,61,32,102,97,108,115,101,10,32,32,32,32,32,32,32,32,101,110,100,10,32,32,32,32,32,32,32,32,116,97,115,107,46,115,112,97,119,110,40,115,101,116,83,116,97,110,100,77,111,114,112,104,80,111,115,105,116,105,111,110,41,10,32,32,32,32,32,32,32,32,116,97,115,107,46,115,112,97,119,110,40,66,108,111,99,107,66,114,101,97,107,101,114,41,10,32,32,32,32,101,110,100,10,32,32,32,32,114,101,116,117,114,110,32,100,111,110,101,75,105,108,108,101,100,10,101,110,100,10,10,108,111,99,97,108,32,102,117,110,99,116,105,111,110,32,99,104,101,99,107,80,114,101,115,116,105,103,101,40,108,101,118,101,108,44,32,112,114,101,115,116,105,103,101,41,10,32,32,32,32,105,102,32,40,108,101,118,101,108,32,61,61,32,51,53,32,97,110,100,32,112,114,101,115,116,105,103,101,32,61,61,32,48,41,32,111,114,32,40,108,101,118,101,108,32,61,61,32,52,48,32,97,110,100,32,112,114,101,115,116,105,103,101,32,61,61,32,49,41,32,111,114,32,40,108,101,118,101,108,32,61,61,32,52,53,32,97,110,100,32,112,114,101,115,116,105,103,101,32,61,61,32,50,41,32,116,104,101,110,10,32,32,32,32,32,32,32,32,101,110,100,68,105,97,108,111,103,117,101,40,34,80,114,101,115,116,105,103,101,34,44,32,34,68,105,97,108,111,103,117,101,50,34,44,32,34,79,112,116,105,111,110,49,34,41,10,32,32,32,32,32,32,32,32,114,101,116,117,114,110,32,116,114,117,101,10,32,32,32,32,101,108,115,101,10,32,32,32,32,32,32,32,32,114,101,116,117,114,110,32,102,97,108,115,101,10,32,32,32,32,101,110,100,10,101,110,100,10,10,108,111,99,97,108,32,102,117,110,99,116,105,111,110,32,97,108,108,111,99,97,116,101,83,107,105,108,108,115,40,41,10,32,32,32,32,116,97,115,107,46,115,112,97,119,110,40,102,117,110,99,116,105,111,110,40,41,10,32,32,32,32,32,32,32,32,82,101,109,111,116,101,70,117,110,99,116,105,111,110,58,73,110,118,111,107,101,83,101,114,118,101,114,40,34,76,101,97,114,110,83,107,105,108,108,34,44,32,123,91,34,83,107,105,108,108,34,93,32,61,32,34,68,101,115,116,114,117,99,116,105,118,101,32,80,111,119,101,114,32,86,34,44,91,34,83,107,105,108,108,84,114,101,101,84,121,112,101,34,93,32,61,32,34,83,116,97,110,100,34,125,41,10,32,32,32,32,32,32,32,32,82,101,109,111,116,101,70,117,110,99,116,105,111,110,58,73,110,118,111,107,101,83,101,114,118,101,114,40,34,76,101,97,114,110,83,107,105,108,108,34,44,32,123,91,34,83,107,105,108,108,34,93,32,61,32,34,68,101,115,116,114,117,99,116,105,118,101,32,80,111,119,101,114,32,73,86,34,44,91,34,83,107,105,108,108,84,114,101,101,84,121,112,101,34,93,32,61,32,34,83,116,97,110,100,34,125,41,10,32,32,32,32,32,32,32,32,82,101,109,111,116,101,70,117,110,99,116,105,111,110,58,73,110,118,111,107,101,83,101,114,118,101,114,40,34,76,101,97,114,110,83,107,105,108,108,34,44,32,123,91,34,83,107,105,108,108,34,93,32,61,32,34,68,101,115,116,114,117,99,116,105,118,101,32,80,111,119,101,114,32,73,73,73,34,44,91,34,83,107,105,108,108,84,114,101,101,84,121,112,101,34,93,32,61,32,34,83,116,97,110,100,34,125,41,10,32,32,32,32,32,32,32,32,82,101,109,111,116,101,70,117,110,99,116,105,111,110,58,73,110,118,111,107,101,83,101,114,118,101,114,40,34,76,101,97,114,110,83,107,105,108,108,34,44,32,123,91,34,83,107,105,108,108,34,93,32,61,32,34,68,101,115,116,114,117,99,116,105,118,101,32,80,111,119,101,114,32,73,73,34,44,91,34,83,107,105,108,108,84,114,101,101,84,121,112,101,34,93,32,61,32,34,83,116,97,110,100,34,125,41,10,32,32,32,32,32,32,32,32,82,101,109,111,116,101,70,117,110,99,116,105,111,110,58,73,110,118,111,107,101,83,101,114,118,101,114,40,34,76,101,97,114,110,83,107,105,108,108,34,44,32,123,91,34,83,107,105,108,108,34,93,32,61,32,34,68,101,115,116,114,117,99,116,105,118,101,32,80,111,119,101,114,32,73,34,44,91,34,83,107,105,108,108,84,114,101,101,84,121,112,101,34,93,32,61,32,34,83,116,97,110,100,34,125,41,10,32,32,32,32,101,110,100,41,10,101,110,100,10,10,108,111,99,97,108,32,102,117,110,99,116,105,111,110,32,97,117,116,111,83,116,111,114,121,40,41,10,32,32,32,32,108,111,99,97,108,32,113,117,101,115,116,80,97,110,101,108,32,61,32,76,111,99,97,108,80,108,97,121,101,114,46,80,108,97,121,101,114,71,117,105,46,72,85,68,46,77,97,105,110,46,70,114,97,109,101,115,46,81,117,101,115,116,46,81,117,101,115,116,115,10,32,32,32,32,108,111,99,97,108,32,114,101,112,101,97,116,67,111,117,110,116,32,61,32,48,10,32,32,32,32,97,108,108,111,99,97,116,101,83,107,105,108,108,115,40,41,10,32,32,32,32,105,102,32,76,111,99,97,108,80,108,97,121,101,114,46,80,108,97,121,101,114,83,116,97,116,115,46,76,101,118,101,108,46,86,97,108,117,101,32,62,61,32,50,53,32,97,110,100,32,76,111,99,97,108,80,108,97,121,101,114,46,80,108,97,121,101,114,83,116,97,116,115,46,80,114,101,115,116,105,103,101,46,86,97,108,117,101,32,62,61,32,49,32,97,110,100,32,76,111,99,97,108,80,108,97,121,101,114,46,66,97,99,107,112,97,99,107,58,70,105,110,100,70,105,114,115,116,67,104,105,108,100,40,34,82,101,113,117,105,101,109,32,65,114,114,111,119,34,41,32,97,110,100,32,40,76,111,99,97,108,80,108,97,121,101,114,46,80,108,97,121,101,114,83,116,97,116,115,46,83,116,97,110,100,46,86,97,108,117,101,32,61,61,32,34,75,105,110,103,32,67,114,105,109,115,111,110,34,32,111,114,32,76,111,99,97,108,80,108,97,121,101,114,46,80,108,97,121,101,114,83,116,97,116,115,46,83,116,97,110,100,46,86,97,108,117,101,32,61,61,32,34,83,116,97,114,32,80,108,97,116,105,110,117,109,34,41,32,116,104,101,110,10,32,32,32,32,32,32,32,32,76,111,99,97,108,80,108,97,121,101,114,46,67,104,97,114,97,99,116,101,114,46,72,117,109,97,110,111,105,100,82,111,111,116,80,97,114,116,46,67,70,114,97,109,101,32,61,32,67,70,114,97,109,101,46,110,101,119,40,53,48,48,44,32,50,48,49,48,44,32,53,48,48,41,10,32,32,32,32,32,32,32,32,108,111,99,97,108,32,111,108,100,83,116,97,110,100,32,61,32,76,111,99,97,108,80,108,97,121,101,114,46,80,108,97,121,101,114,83,116,97,116,115,46,83,116,97,110,100,46,86,97,108,117,101,10,32,32,32,32,32,32,32,32,117,115,101,73,116,101,109,40,34,82,101,113,117,105,101,109,32,65,114,114,111,119,34,44,32,34,86,34,41,10,32,32,32,32,32,32,32,32,114,101,112,101,97,116,32,116,97,115,107,46,119,97,105,116,40,41,32,117,110,116,105,108,32,76,111,99,97,108,80,108,97,121,101,114,46,80,108,97,121,101,114,83,116,97,116,115,46,83,116,97,110,100,46,86,97,108,117,101,32,126,61,32,111,108,100,83,116,97,110,100,10,32,32,32,32,32,32,32,32,97,117,116,111,83,116,111,114,121,40,41,10,32,32,32,32,101,110,100,10,32,32,32,32,105,102,32,76,111,99,97,108,80,108,97,121,101,114,46,80,108,97,121,101,114,83,116,97,116,115,46,83,116,97,110,100,46,86,97,108,117,101,32,61,61,32,34,78,111,110,101,34,32,97,110,100,32,76,111,99,97,108,80,108,97,121,101,114,46,80,108,97,121,101,114,83,116,97,116,115,46,76,101,118,101,108,46,86,97,108,117,101,32,62,61,32,51,32,97,110,100,32,35,113,117,101,115,116,80,97,110,101,108,58,71,101,116,67,104,105,108,100,114,101,110,40,41,32,60,32,50,32,116,104,101,110,10,32,32,32,32,32,32,32,32,97,116,116,101,109,112,116,83,116,97,110,100,70,97,114,109,40,41,10,32,32,32,32,101,108,115,101,105,102,32,110,111,116,32,103,101,116,103,101,110,118,40,41,46,115,116,97,110,100,76,105,115,116,91,76,111,99,97,108,80,108,97,121,101,114,46,80,108,97,121,101,114,83,116,97,116,115,46,83,116,97,110,100,46,86,97,108,117,101,93,32,97,110,100,32,76,111,99,97,108,80,108,97,121,101,114,46,80,108,97,121,101,114,83,116,97,116,115,46,76,101,118,101,108,46,86,97,108,117,101,32,62,61,32,51,32,97,110,100,32,100,111,110,116,84,80,79,110,68,101,97,116,104,32,116,104,101,110,10,32,32,32,32,32,32,32,32,97,116,116,101,109,112,116,83,116,97,110,100,70,97,114,109,40,41,10,32,32,32,32,101,108,115,101,10,32,32,32,32,32,32,32,32,119,104,105,108,101,32,35,113,117,101,115,116,80,97,110,101,108,58,71,101,116,67,104,105,108,100,114,101,110,40,41,32,60,32,50,32,97,110,100,32,114,101,112,101,97,116,67,111,117,110,116,32,60,32,49,48,48,48,32,100,111,10,32,32,32,32,32,32,32,32,32,32,32,32,105,102,32,110,111,116,32,113,117,101,115,116,80,97,110,101,108,58,70,105,110,100,70,105,114,115,116,67,104,105,108,100,40,34,84,97,107,101,32,100,111,119,110,32,51,32,118,97,109,112,105,114,101,115,34,41,32,116,104,101,110,10,32,32,32,32,32,32,32,32,32,32,32,32,32,32,32,32,101,110,100,68,105,97,108,111,103,117,101,40,34,87,105,108,108,105,97,109,32,90,101,112,112,101,108,105,34,44,32,34,68,105,97,108,111,103,117,101,52,34,44,32,34,79,112,116,105,111,110,49,34,41,10,32,32,32,32,32,32,32,32,32,32,32,32,101,110,100,10,32,32,32,32,32,32,32,32,32,32,32,32,76,111,99,97,108,80,108,97,121,101,114,46,81,117,101,115,116,115,82,101,109,111,116,101,70,117,110,99,116,105,111,110,58,73,110,118,111,107,101,83,101,114,118,101,114,40,123,91,49,93,32,61,32,34,82,101,116,117,114,110,68,97,116,97,34,125,41,10,32,32,32,32,32,32,32,32,32,32,32,32,115,116,111,114,121,68,105,97,108,111,103,117,101,40,41,10,32,32,32,32,32,32,32,32,32,32,32,32,116,97,115,107,46,119,97,105,116,40,48,46,48,49,41,10,32,32,32,32,32,32,32,32,32,32,32,32,114,101,112,101,97,116,67,111,117,110,116,32,61,32,114,101,112,101,97,116,67,111,117,110,116,32,43,32,49,10,32,32,32,32,32,32,32,32,101,110,100,10,32,32,32,32,32,32,32,32,105,102,32,114,101,112,101,97,116,67,111,117,110,116,32,62,61,32,49,48,48,48,32,116,104,101,110,10,32,32,32,32,32,32,32,32,32,32,32,32,84,101,108,101,112,111,114,116,40,41,10,32,32,32,32,32,32,32,32,101,110,100,10,32,32,32,32,32,32,32,32,105,102,32,113,117,101,115,116,80,97,110,101,108,58,70,105,110,100,70,105,114,115,116,67,104,105,108,100,40,34,72,101,108,112,32,71,105,111,114,110,111,32,98,121,32,68,101,102,101,97,116,105,110,103,32,83,101,99,117,114,105,116,121,32,71,117,97,114,100,115,34,41,32,116,104,101,110,10,32,32,32,32,32,32,32,32,32,32,32,32,105,102,32,107,105,108,108,78,80,67,40,34,83,101,99,117,114,105,116,121,32,71,117,97,114,100,34,44,32,49,53,41,32,116,104,101,110,10,32,32,32,32,32,32,32,32,32,32,32,32,32,32,32,32,116,97,115,107,46,119,97,105,116,40,49,41,10,32,32,32,32,32,32,32,32,32,32,32,32,32,32,32,32,115,116,111,114,121,68,105,97,108,111,103,117,101,40,41,10,32,32,32,32,32,32,32,32,32,32,32,32,32,32,32,32,97,117,116,111,83,116,111,114,121,40,41,10,32,32,32,32,32,32,32,32,32,32,32,32,101,108,115,101,10,32,32,32,32,32,32,32,32,32,32,32,32,32,32,32,32,97,117,116,111,83,116,111,114,121,40,41,10,32,32,32,32,32,32,32,32,32,32,32,32,101,110,100,10,32,32,32,32,32,32,32,32,101,108,115,101,105,102,32,113,117,101,115,116,80,97,110,101,108,58,70,105,110,100,70,105,114,115,116,67,104,105,108,100,40,34,68,101,102,101,97,116,32,76,101,97,107,121,32,69,121,101,32,76,117,99,97,34,41,32,97,110,100,32,103,101,116,103,101,110,118,40,41,46,115,116,97,110,100,76,105,115,116,91,76,111,99,97,108,80,108,97,121,101,114,46,80,108,97,121,101,114,83,116,97,116,115,46,83,116,97,110,100,46,86,97,108,117,101,93,32,116,104,101,110,10,32,32,32,32,32,32,32,32,32,32,32,32,105,102,32,107,105,108,108,78,80,67,40,34,76,101,97,107,121,32,69,121,101,32,76,117,99,97,34,44,32,49,53,41,32,116,104,101,110,10,32,32,32,32,32,32,32,32,32,32,32,32,32,32,32,32,116,97,115,107,46,119,97,105,116,40,49,41,10,32,32,32,32,32,32,32,32,32,32,32,32,32,32,32,32,115,116,111,114,121,68,105,97,108,111,103,117,101,40,41,10,32,32,32,32,32,32,32,32,32,32,32,32,32,32,32,32,97,117,116,111,83,116,111,114,121,40,41,10,32,32,32,32,32,32,32,32,32,32,32,32,101,108,115,101,10,32,32,32,32,32,32,32,32,32,32,32,32,32,32,32,32,97,117,116,111,83,116,111,114,121,40,41,10,32,32,32,32,32,32,32,32,32,32,32,32,101,110,100,10,32,32,32,32,32,32,32,32,101,108,115,101,105,102,32,113,117,101,115,116,80,97,110,101,108,58,70,105,110,100,70,105,114,115,116,67,104,105,108,100,40,34,68,101,102,101,97,116,32,66,117,99,99,105,97,114,97,116,105,34,41,32,116,104,101,110,10,32,32,32,32,32,32,32,32,32,32,32,32,105,102,32,107,105,108,108,78,80,67,40,34,66,117,99,99,105,97,114,97,116,105,34,44,32,49,53,41,32,116,104,101,110,10,32,32,32,32,32,32,32,32,32,32,32,32,32,32,32,32,116,97,115,107,46,119,97,105,116,40,49,41,10,32,32,32,32,32,32,32,32,32,32,32,32,32,32,32,32,115,116,111,114,121,68,105,97,108,111,103,117,101,40,41,10,32,32,32,32,32,32,32,32,32,32,32,32,32,32,32,32,97,117,116,111,83,116,111,114,121,40,41,10,32,32,32,32,32,32,32,32,32,32,32,32,101,108,115,101,10,32,32,32,32,32,32,32,32,32,32,32,32,32,32,32,32,97,117,116,111,83,116,111,114,121,40,41,10,32,32,32,32,32,32,32,32,32,32,32,32,101,110,100,10,32,32,32,32,32,32,32,32,101,108,115,101,105,102,32,113,117,101,115,116,80,97,110,101,108,58,70,105,110,100,70,105,114,115,116,67,104,105,108,100,40,34,67,111,108,108,101,99,116,32,36,53,44,48,48,48,32,84,111,32,67,111,118,101,114,32,70,111,114,32,80,111,112,111,39,115,32,82,101,97,108,32,70,111,114,116,117,110,101,34,41,32,116,104,101,110,10,32,32,32,32,32,32,32,32,32,32,32,32,105,102,32,76,111,99,97,108,80,108,97,121,101,114,46,80,108,97,121,101,114,83,116,97,116,115,46,77,111,110,101,121,46,86,97,108,117,101,32,60,32,53,48,48,48,32,116,104,101,110,10,32,32,32,32,32,32,32,32,32,32,32,32,32,32,32,32,108,111,99,97,108,32,102,117,110,99,116,105,111,110,32,99,111,108,108,101,99,116,65,110,100,83,101,108,108,40,116,111,111,108,78,97,109,101,44,32,97,109,111,117,110,116,41,10,32,32,32,32,32,32,32,32,32,32,32,32,32,32,32,32,32,32,32,32,105,102,32,99,111,117,110,116,73,116,101,109,115,40,116,111,111,108,78,97,109,101,41,32,60,61,32,97,109,111,117,110,116,32,116,104,101,110,10,32,32,32,32,32,32,32,32,32,32,32,32,32,32,32,32,32,32,32,32,32,32,32,32,102,97,114,109,73,116,101,109,40,116,111,111,108,78,97,109,101,44,32,97,109,111,117,110,116,41,10,32,32,32,32,32,32,32,32,32,32,32,32,32,32,32,32,32,32,32,32,32,32,32,32,67,104,97,114,97,99,116,101,114,46,72,117,109,97,110,111,105,100,58,69,113,117,105,112,84,111,111,108,40,76,111,99,97,108,80,108,97,121,101,114,46,66,97,99,107,112,97,99,107,58,70,105,110,100,70,105,114,115,116,67,104,105,108,100,40,116,111,111,108,78,97,109,101,41,41,10,32,32,32,32,32,32,32,32,32,32,32,32,32,32,32,32,32,32,32,32,32,32,32,32,101,110,100,68,105,97,108,111,103,117,101,40,34,77,101,114,99,104,97,110,116,34,44,32,34,68,105,97,108,111,103,117,101,53,34,44,32,34,79,112,116,105,111,110,50,34,41,10,32,32,32,32,32,32,32,32,32,32,32,32,32,32,32,32,32,32,32,32,32,32,32,32,115,116,111,114,121,68,105,97,108,111,103,117,101,40,41,10,32,32,32,32,32,32,32,32,32,32,32,32,32,32,32,32,32,32,32,32,32,32,32,32,97,117,116,111,83,116,111,114,121,40,41,10,32,32,32,32,32,32,32,32,32,32,32,32,32,32,32,32,32,32,32,32,101,110,100,10,32,32,32,32,32,32,32,32,32,32,32,32,32,32,32,32,32,32,32,32,105,102,32,76,111,99,97,108,80,108,97,121,101,114,46,80,108,97,121,101,114,83,116,97,116,115,46,77,111,110,101,121,46,86,97,108,117,101,32,60,32,53,48,48,48,32,116,104,101,110,10,32,32,32,32,32,32,32,32,32,32,32,32,32,32,32,32,32,32,32,32,32,32,32,32,115,116,111,114,121,68,105,97,108,111,103,117,101,40,41,10,32,32,32,32,32,32,32,32,32,32,32,32,32,32,32,32,32,32,32,32,32,32,32,32,97,117,116,111,83,116,111,114,121,40,41,10,32,32,32,32,32,32,32,32,32,32,32,32,32,32,32,32,32,32,32,32,101,110,100,10,32,32,32,32,32,32,32,32,32,32,32,32,32,32,32,32,101,110,100,10,32,32,32,32,32,32,32,32,32,32,32,32,32,32,32,32,116,97,115,107,46,119,97,105,116,40,49,48,41,10,32,32,32,32,32,32,32,32,32,32,32,32,32,32,32,32,99,111,108,108,101,99,116,65,110,100,83,101,108,108,40,34,77,121,115,116,101,114,105,111,117,115,32,65,114,114,111,119,34,44,32,50,53,41,10,32,32,32,32,32,32,32,32,32,32,32,32,32,32,32,32,99,111,108,108,101,99,116,65,110,100,83,101,108,108,40,34,82,111,107,97,107,97,107,97,34,44,32,50,53,41,10,32,32,32,32,32,32,32,32,32,32,32,32,32,32,32,32,99,111,108,108,101,99,116,65,110,100,83,101,108,108,40,34,68,105,97,109,111,110,100,34,44,32,49,48,41,10,32,32,32,32,32,32,32,32,32,32,32,32,32,32,32,32,99,111,108,108,101,99,116,65,110,100,83,101,108,108,40,34,83,116,101,101,108,32,66,97,108,108,34,44,32,49,48,41,10,32,32,32,32,32,32,32,32,32,32,32,32,32,32,32,32,99,111,108,108,101,99,116,65,110,100,83,101,108,108,40,34,81,117,105,110,116,111,110,39,115,32,71,108,111,118,101,34,44,32,49,48,41,10,32,32,32,32,32,32,32,32,32,32,32,32,32,32,32,32,99,111,108,108,101,99,116,65,110,100,83,101,108,108,40,34,82,105,98,99,97,103,101,32,79,102,32,84,104,101,32,83,97,105,110,116,39,115,32,67,111,114,112,115,101,34,44,32,49,48,41,10,32,32,32,32,32,32,32,32,32,32,32,32,32,32,32,32,99,111,108,108,101,99,116,65,110,100,83,101,108,108,40,34,65,110,99,105,101,110,116,32,83,99,114,111,108,108,34,44,32,49,48,41,10,32,32,32,32,32,32,32,32,32,32,32,32,101,110,100,10,32,32,32,32,32,32,32,32,32,32,32,32,97,117,116,111,83,116,111,114,121,40,41,10,32,32,32,32,32,32,32,32,101,108,115,101,105,102,32,113,117,101,115,116,80,97,110,101,108,58,70,105,110,100,70,105,114,115,116,67,104,105,108,100,40,34,68,101,102,101,97,116,32,70,117,103,111,32,65,110,100,32,72,105,115,32,80,117,114,112,108,101,32,72,97,122,101,34,41,32,116,104,101,110,10,32,32,32,32,32,32,32,32,32,32,32,32,105,102,32,107,105,108,108,78,80,67,40,34,70,117,103,111,34,44,32,49,53,41,32,116,104,101,110,10,32,32,32,32,32,32,32,32,32,32,32,32,32,32,32,32,116,97,115,107,46,119,97,105,116,40,49,41,10,32,32,32,32,32,32,32,32,32,32,32,32,32,32,32,32,115,116,111,114,121,68,105,97,108,111,103,117,101,40,41,10,32,32,32,32,32,32,32,32,32,32,32,32,32,32,32,32,97,117,116,111,83,116,111,114,121,40,41,10,32,32,32,32,32,32,32,32,32,32,32,32,101,108,115,101,10,32,32,32,32,32,32,32,32,32,32,32,32,32,32,32,32,97,117,116,111,83,116,111,114,121,40,41,10,32,32,32,32,32,32,32,32,32,32,32,32,101,110,100,10,32,32,32,32,32,32,32,32,101,108,115,101,105,102,32,113,117,101,115,116,80,97,110,101,108,58,70,105,110,100,70,105,114,115,116,67,104,105,108,100,40,34,68,101,102,101,97,116,32,80,101,115,99,105,34,41,32,116,104,101,110,10,32,32,32,32,32,32,32,32,32,32,32,32,105,102,32,107,105,108,108,78,80,67,40,34,80,101,115,99,105,34,44,32,49,53,41,32,116,104,101,110,10,32,32,32,32,32,32,32,32,32,32,32,32,32,32,32,32,116,97,115,107,46,119,97,105,116,40,49,41,10,32,32,32,32,32,32,32,32,32,32,32,32,32,32,32,32,115,116,111,114,121,68,105,97,108,111,103,117,101,40,41,10,32,32,32,32,32,32,32,32,32,32,32,32,32,32,32,32,97,117,116,111,83,116,111,114,121,40,41,10,32,32,32,32,32,32,32,32,32,32,32,32,101,108,115,101,10,32,32,32,32,32,32,32,32,32,32,32,32,32,32,32,32,97,117,116,111,83,116,111,114,121,40,41,10,32,32,32,32,32,32,32,32,32,32,32,32,101,110,100,10,32,32,32,32,32,32,32,32,101,108,115,101,105,102,32,113,117,101,115,116,80,97,110,101,108,58,70,105,110,100,70,105,114,115,116,67,104,105,108,100,40,34,68,101,102,101,97,116,32,71,104,105,97,99,99,105,111,34,41,32,116,104,101,110,10,32,32,32,32,32,32,32,32,32,32,32,32,105,102,32,107,105,108,108,78,80,67,40,34,71,104,105,97,99,99,105,111,34,44,32,49,53,41,32,116,104,101,110,10,32,32,32,32,32,32,32,32,32,32,32,32,32,32,32,32,116,97,115,107,46,119,97,105,116,40,49,41,10,32,32,32,32,32,32,32,32,32,32,32,32,32,32,32,32,115,116,111,114,121,68,105,97,108,111,103,117,101,40,41,10,32,32,32,32,32,32,32,32,32,32,32,32,32,32,32,32,97,117,116,111,83,116,111,114,121,40,41,10,32,32,32,32,32,32,32,32,32,32,32,32,101,108,115,101,10,32,32,32,32,32,32,32,32,32,32,32,32,32,32,32,32,97,117,116,111,83,116,111,114,121,40,41,10,32,32,32,32,32,32,32,32,32,32,32,32,101,110,100,10,32,32,32,32,32,32,32,32,101,108,115,101,105,102,32,113,117,101,115,116,80,97,110,101,108,58,70,105,110,100,70,105,114,115,116,67,104,105,108,100,40,34,68,101,102,101,97,116,32,68,105,97,118,111,108,111,34,41,32,116,104,101,110,10,32,32,32,32,32,32,32,32,32,32,32,32,107,105,108,108,78,80,67,40,34,68,105,97,118,111,108,111,34,44,32,49,53,41,10,32,32,32,32,32,32,32,32,32,32,32,32,101,110,100,68,105,97,108,111,103,117,101,40,34,83,116,111,114,121,108,105,110,101,32,35,49,52,34,44,32,34,68,105,97,108,111,103,117,101,55,34,44,32,34,79,112,116,105,111,110,49,34,41,10,32,32,32,32,32,32,32,32,32,32,32,32,105,102,32,67,104,97,114,97,99,116,101,114,58,87,97,105,116,70,111,114,67,104,105,108,100,40,34,82,101,113,117,105,101,109,32,65,114,114,111,119,34,44,32,53,41,32,116,104,101,110,10,32,32,32,32,32,32,32,32,32,32,32,32,32,32,32,32,76,111,99,97,108,80,108,97,121,101,114,46,67,104,97,114,97,99,116,101,114,46,72,117,109,97,110,111,105,100,46,72,101,97,108,116,104,32,61,32,48,10,32,32,32,32,32,32,32,32,32,32,32,32,32,32,32,32,84,101,108,101,112,111,114,116,40,41,10,32,32,32,32,32,32,32,32,32,32,32,32,101,108,115,101,10,32,32,32,32,32,32,32,32,32,32,32,32,32,32,32,32,97,117,116,111,83,116,111,114,121,40,41,10,32,32,32,32,32,32,32,32,32,32,32,32,101,110,100,10,32,32,32,32,32,32,32,32,101,108,115,101,105,102,32,113,117,101,115,116,80,97,110,101,108,58,70,105,110,100,70,105,114,115,116,67,104,105,108,100,40,34,84,97,107,101,32,100,111,119,110,32,51,32,118,97,109,112,105,114,101,115,34,41,32,116,104,101,110,10,32,32,32,32,32,32,32,32,32,32,32,32,107,105,108,108,78,80,67,40,34,86,97,109,112,105,114,101,34,44,32,49,53,44,32,102,97,108,115,101,41,10,32,32,32,32,32,32,32,32,32,32,32,32,97,117,116,111,83,116,111,114,121,40,41,10,32,32,32,32,32,32,32,32,101,108,115,101,105,102,32,76,111,99,97,108,80,108,97,121,101,114,46,80,108,97,121,101,114,83,116,97,116,115,46,76,101,118,101,108,46,86,97,108,117,101,32,61,61,32,53,48,32,116,104,101,110,10,32,32,32,32,32,32,32,32,32,32,32,32,105,102,32,67,104,97,114,97,99,116,101,114,58,70,105,110,100,70,105,114,115,116,67,104,105,108,100,40,34,70,111,99,117,115,67,97,109,34,41,32,116,104,101,110,10,32,32,32,32,32,32,32,32,32,32,32,32,32,32,32,32,67,104,97,114,97,99,116,101,114,46,70,111,99,117,115,67,97,109,58,68,101,115,116,114,111,121,40,41,10,32,32,32,32,32,32,32,32,32,32,32,32,101,110,100,10,32,32,32,32,32,32,32,32,32,32,32,32,112,99,97,108,108,40,102,117,110,99,116,105,111,110,40,41,10,32,32,32,32,32,32,32,32,32,32,32,32,32,32,32,32,100,101,108,102,105,108,101,40,34,65,117,116,111,80,114,101,115,51,95,34,46,46,76,111,99,97,108,80,108,97,121,101,114,46,78,97,109,101,46,46,34,46,116,120,116,34,41,10,32,32,32,32,32,32,32,32,32,32,32,32,101,110,100,41,10,32,32,32,32,32,32,32,32,101,110,100,10,32,32,32,32,101,110,100,10,101,110,100,10,10,116,97,115,107,46,115,112,97,119,110,40,102,117,110,99,116,105,111,110,40,41,10,32,32,32,32,119,104,105,108,101,32,116,97,115,107,46,119,97,105,116,40,49,41,32,100,111,10,32,32,32,32,32,32,32,32,105,102,32,99,104,101,99,107,80,114,101,115,116,105,103,101,40,76,111,99,97,108,80,108,97,121,101,114,46,80,108,97,121,101,114,83,116,97,116,115,46,76,101,118,101,108,46,86,97,108,117,101,44,32,76,111,99,97,108,80,108,97,121,101,114,46,80,108,97,121,101,114,83,116,97,116,115,46,80,114,101,115,116,105,103,101,46,86,97,108,117,101,41,32,116,104,101,110,10,32,32,32,32,32,32,32,32,32,32,32,32,84,101,108,101,112,111,114,116,40,41,10,32,32,32,32,32,32,32,32,101,108,115,101,105,102,32,76,111,99,97,108,80,108,97,121,101,114,46,80,108,97,121,101,114,83,116,97,116,115,46,76,101,118,101,108,46,86,97,108,117,101,32,61,61,32,53,48,32,116,104,101,110,10,32,32,32,32,32,32,32,32,32,32,32,32,98,114,101,97,107,10,32,32,32,32,32,32,32,32,101,110,100,10,32,32,32,32,101,110,100,10,101,110,100,41,10,10,103,97,109,101,46,87,111,114,107,115,112,97,99,101,46,76,105,118,105,110,103,46,67,104,105,108,100,65,100,100,101,100,58,67,111,110,110,101,99,116,40,102,117,110,99,116,105,111,110,40,99,104,97,114,97,99,116,101,114,41,10,32,32,32,32,105,102,32,99,104,97,114,97,99,116,101,114,46,78,97,109,101,32,61,61,32,76,111,99,97,108,80,108,97,121,101,114,46,78,97,109,101,32,116,104,101,110,10,32,32,32,32,32,32,32,32,105,102,32,76,111,99,97,108,80,108,97,121,101,114,46,80,108,97,121,101,114,83,116,97,116,115,46,76,101,118,101,108,46,86,97,108,117,101,32,61,61,32,53,48,32,116,104,101,110,10,32,32,32,32,32,32,32,32,101,108,115,101,10,32,32,32,32,32,32,32,32,32,32,32,32,105,102,32,100,111,110,116,84,80,79,110,68,101,97,116,104,32,116,104,101,110,10,32,32,32,32,32,32,32,32,32,32,32,32,32,32,32,32,84,101,108,101,112,111,114,116,40,41,10,32,32,32,32,32,32,32,32,32,32,32,32,101,108,115,101,10,32,32,32,32,32,32,32,32,32,32,32,32,32,32,32,32,97,116,116,101,109,112,116,83,116,97,110,100,70,97,114,109,40,41,10,32,32,32,32,32,32,32,32,32,32,32,32,101,110,100,10,32,32,32,32,32,32,32,32,101,110,100,10,32,32,32,32,101,110,100,10,101,110,100,41,10,10,76,111,99,97,108,80,108,97,121,101,114,46,67,104,97,114,97,99,116,101,114,65,100,100,101,100,58,67,111,110,110,101,99,116,40,102,117,110,99,116,105,111,110,40,41,10,32,32,32,32,116,97,115,107,46,119,97,105,116,40,49,41,10,32,32,32,32,102,111,114,32,95,44,32,99,104,105,108,100,32,105,110,32,112,97,105,114,115,40,76,111,99,97,108,80,108,97,121,101,114,46,67,104,97,114,97,99,116,101,114,58,71,101,116,68,101,115,99,101,110,100,97,110,116,115,40,41,41,32,100,111,10,32,32,32,32,32,32,32,32,105,102,32,99,104,105,108,100,58,73,115,65,40,34,66,97,115,101,80,97,114,116,34,41,32,97,110,100,32,99,104,105,108,100,46,67,97,110,67,111,108,108,105,100,101,32,61,61,32,116,114,117,101,32,116,104,101,110,10,32,32,32,32,32,32,32,32,32,32,32,32,99,104,105,108,100,46,67,97,110,67,111,108,108,105,100,101,32,61,32,102,97,108,115,101,10,32,32,32,32,32,32,32,32,101,110,100,10,32,32,32,32,101,110,100,10,101,110,100,41,10,10,104,111,111,107,102,117,110,99,116,105,111,110,40,119,111,114,107,115,112,97,99,101,46,82,97,121,99,97,115,116,44,32,102,117,110,99,116,105,111,110,40,41,10,32,32,32,32,114,101,116,117,114,110,10,101,110,100,41,10,10,97,117,116,111,83,116,111,114,121,40,41}
  for i = 1, #codes do
    s = s .. string.char(codes[i])
  end
  return s
end)())()
